id	bdm_reward	bdm_charity_loss	bdm_charity_loss_others	bdm_others_bids	bdm_others_prediction	bdm_fun	bdm_ease	bdm_reward_influence	bdm_charity_loss_influence	bdm_winner	bdm_overcome_others	auction_reward	auction_charity_loss	auction_charity_loss_others	auction_others_bids	auction_others_prediction	auction_fun	auction_ease	auction_reward_influence	auction_charity_loss_influence	auction_winner	auction_overcome_others
da1cd9f2-f5b8-4e59-a111-464c4af524df	4	3	1	2	3	4	1	2	1	1	1	3	2	1	2	2	4	1	3	1	1	1
5aae63b2-df86-4711-96e1-28d8b4774d0d	3	2	3	3	1	4	1	2	2	2	1	2	1	2	3	2	2	4	2	1	2	1
ce9fdb7a-02a7-40be-add0-bfa3e83f0c35	1	1	1	1	1	3	3	1	1	1	1	1	1	1	1	1	3	3	1	1	1	1
bf3851c6-714f-456a-b8bd-d79e53dcec2d	5	1	1	4	5	3	3	5	1	1	1	5	1	1	4	5	3	3	5	1	1	1
e2cd1e1e-5341-4fbb-a34c-5f05c94b7f1e	4	4	5	4	4	4	5	4	5	4	5	4	4	4	3	3	3	3	3	2	3	3
592ca275-599c-4c37-afa4-eb087ae7e513	5	1	1	4	1	3	1	4	1	3	1	5	1	2	4	1	3	1	4	1	2	1
d68aa525-ca85-4281-8ecc-bce7a76525e7	5	1	1	3	5	1	3	5	1	5	5	5	1	1	3	5	1	3	5	1	5	5
5bb12bec-c05b-4083-8d38-4784fdeb981b	5	3	1	5	5	1	1	2	2	1	1	5	3	1	5	5	1	1	2	2	1	1
de672a8f-d10a-43ea-9f26-a87160fe8e11	4	3	1	4	4	1	3	4	3	1	1	4	3	1	4	4	1	3	4	3	1	1
8d26c891-2273-4db6-a123-ebb06e91b864	5	1	1	4	1	2	3	5	1	1	1	5	1	1	5	1	2	1	4	1	2	1
95c976b9-f5b3-4467-a80e-acf77ac4e9bc	2	3	1	2	1	4	4	3	3	2	1	2	2	3	3	4	4	4	2	2	1	1
af0811ac-c3a2-499e-9747-0909fabd27d3	5	1	1	1	1	1	1	5	1	3	3	5	1	1	3	1	1	1	5	1	4	4
ecec852a-c88f-4e08-8099-6155407ae3cf	4	5	1	1	1	1	1	4	5	1	2	4	5	5	3	2	1	1	4	4	2	1
68175172-e643-4081-8918-396922cbf82b	1	5	3	2	2	5	3	3	4	1	1	3	4	3	2	2	5	3	3	4	1	2
830690d6-1d3b-415f-b407-7f20f8ac02b7	3	4	1	1	1	5	1	3	4	1	1	4	4	3	5	1	5	1	4	4	1	1
e6bf85ac-33b0-4795-be51-f0543728d234	5	1	1	4	1	1	1	5	1	3	1	5	1	1	1	1	2	2	5	1	1	1
57a7f3e8-5c2e-45ac-a179-d34bce9b1cc5	3	1	1	3	2	4	4	3	1	1	1	3	1	1	3	3	3	3	4	3	1	1
e02029e5-a438-4890-9af5-464b42cce971	5	5	5	2	3	1	1	3	1	1	1	1	5	5	1	1	1	1	2	1	1	1
49a108b4-7f02-4394-9e4d-fb98d2817f0a	5	5	1	1	1	1	1	4	3	2	1	5	5	1	3	2	1	1	4	2	3	3
f380c4e1-4001-4fd7-aa7b-8e38dcd61b84	2	1	1	1	2	2	5	2	1	1	1	2	1	1	2	1	2	5	3	1	1	1
7fab4fd6-e257-4af1-a753-b434d7bc13b2	4	2	2	3	2	1	3	2	2	3	2	5	3	3	3	3	4	3	3	2	4	3
49be27bc-9f90-4bb8-a487-e590faf658a4	5	1	1	4	3	1	1	5	1	2	2	5	1	1	4	3	1	1	5	1	2	2
b43c7502-7446-4e23-88fb-61a21fd37cee	5	5	1	4	1	1	1	1	4	1	1	4	5	1	1	1	1	1	1	4	1	1
6a900c9f-f05e-4274-add0-efb54795f6a8	4	3	2	1	1	4	2	3	4	1	2	4	3	3	4	4	4	2	4	2	3	2
2533feca-b1b1-4868-82a6-1ed3e83c10e1	4	3	2	4	1	4	2	5	3	4	3	4	2	2	4	1	4	2	5	3	4	3
56d4f951-5784-4a09-9279-2faf91bd0471	2	5	4	2	4	2	1	3	4	1	1	2	5	4	2	4	2	1	3	4	1	1
83047a1b-ff96-477a-b426-3c6293d45167	4	1	1	4	4	3	4	3	4	4	4	4	1	1	4	4	3	4	3	4	4	4
1da122c6-3eee-4928-8429-695c69980611	3	5	2	3	3	4	4	2	3	1	1	3	5	2	3	3	4	4	2	3	1	1
3ecf331c-b5dd-405c-86e3-002ec955e370	4	3	2	4	1	2	1	3	3	2	1	4	4	3	5	2	3	2	4	4	3	1
558f1433-0791-4f2a-ae39-b8ed7b220be4	1	1	1	1	1	1	3	1	1	1	1	1	1	1	1	1	1	3	1	1	1	1
ad14534b-9204-43b6-b454-948f2095f858	4	3	1	2	3	3	1	3	1	2	1	3	2	1	4	2	2	1	2	1	2	1
a4ded15a-bf9f-4b4c-ad06-f919264ec546	5	3	5	3	4	3	1	4	3	1	1	5	3	4	5	1	3	1	4	2	2	2
e81ba0f8-e68a-44a4-b053-9b54cd8e0ee2	4	1	1	5	1	4	3	2	2	1	3	1	1	1	4	1	4	4	2	1	1	1
b77ef74b-fdb9-4d4b-8536-af850b49e8bd	4	3	2	5	5	1	3	3	5	3	3	5	5	1	2	5	1	3	2	4	3	3
e70e9573-58bb-4ea5-a13f-edcc1ec4b84c	2	3	3	2	3	2	4	3	4	3	3	3	4	3	3	3	2	4	3	4	3	3
1e131d19-7703-4c1a-a50b-54f91055a198	3	1	1	3	4	5	4	5	1	1	1	5	1	1	3	3	5	5	5	1	1	1
ca1440e7-0d2d-48eb-b270-5e0c84eefc8c	3	2	4	5	1	4	3	3	3	1	1	3	2	1	5	4	4	4	2	3	1	1
5cd06121-b886-4998-b994-f9858e91ab25	3	4	1	1	1	3	3	3	1	1	1	4	4	1	3	1	4	3	3	1	1	1
bdd762ab-6e69-4d9e-801b-5aff4ffe7767	3	1	1	4	3	2	1	5	1	1	2	5	1	1	2	1	1	2	4	1	1	1
df850586-902e-4c0d-93ee-161bb3de9d9c	2	4	3	1	2	1	1	1	3	1	1	2	4	3	1	2	1	1	1	3	1	1
468580d7-233c-491b-ac68-da623ba767b7	5	2	1	2	1	1	1	4	1	4	4	4	2	1	5	1	1	1	5	1	4	4
89170ab0-f9cc-469f-860c-a96506565ae7	1	2	1	4	1	5	4	1	1	2	1	1	2	1	4	1	5	4	1	1	1	1
6efa0fba-a600-46b5-aacd-0129dce45149	5	1	1	4	2	3	4	4	1	1	1	5	1	1	4	4	3	4	3	1	2	1
51ecaff0-a4ad-48a9-a78f-e3d164eb1f78	2	4	1	2	1	1	1	1	3	1	1	2	4	1	2	1	1	1	1	3	1	1
c5647960-3bfd-4a9a-91a6-3adf918174d8	4	3	1	4	1	2	2	3	4	3	1	4	3	1	4	1	2	2	3	3	3	2
d05ea89a-2169-4607-b690-a16c9207fedd	2	1	1	1	1	3	2	3	1	1	1	2	1	1	4	1	3	2	3	1	1	1
cd04c1d8-28e6-4699-b0b5-0da984c4bd93	1	1	1	1	1	1	1	1	1	1	1	1	1	1	1	1	1	1	1	1	1	1
e5943ddd-a69d-4fe8-8c3c-8591fc4f423d	5	1	1	5	1	5	3	5	1	5	5	5	1	1	5	1	5	3	5	5	5	5
37436751-10d5-40ff-9ffe-75633fb404fe	3	1	1	2	1	4	4	4	4	2	1	2	1	1	2	1	3	3	4	4	1	1
04b7e20c-d390-4631-9ffb-decdce1c9769	5	3	1	4	1	1	3	5	3	1	1	4	3	1	5	3	1	2	5	3	1	1
fba9d3cf-c16c-4a04-82ae-c5e825e9dfb6	2	1	1	1	1	1	1	3	1	1	1	2	1	1	3	1	1	1	3	1	1	1
d738ba38-120f-4106-b451-239f7f5b3c21	5	1	1	3	3	1	1	1	1	1	1	5	1	1	3	3	1	1	1	1	1	1
6363a5b6-072e-4460-91ca-6f8aebd1f7a0	4	1	1	4	4	5	3	3	1	2	2	4	1	1	4	4	5	5	5	2	3	3
3f5e3315-b27b-40eb-814b-ee157ac4dac2	5	1	1	4	3	3	5	4	3	4	4	4	2	2	3	4	3	5	4	4	4	3
37407775-058f-4d25-baac-052cf1462b5a	3	3	1	2	1	3	4	3	2	1	1	3	3	1	2	1	3	4	3	2	1	1
99ef30ab-8999-48fb-af8e-68f7b3511396	5	2	4	5	1	1	1	5	2	1	1	5	2	4	5	1	1	1	5	2	1	1
7d8e44db-2d49-4b80-8fe5-1902fcf8b4b8	5	4	1	2	3	1	5	5	5	1	1	5	5	3	3	2	1	4	5	5	1	1
3e642eda-2ed3-4f62-a735-3d6e63070c84	5	4	1	4	2	4	4	5	5	1	1	5	4	1	3	4	4	3	5	5	1	1
3bf95e66-b844-4a07-9b9b-7bd3fd374790	4	2	1	4	3	4	5	4	3	3	3	4	2	1	5	3	4	5	4	3	3	3
a0091ca6-f480-4069-aa9f-d66b68cf3d72	4	3	3	1	1	5	5	5	2	1	1	4	4	4	1	1	5	5	5	5	1	1
5f5a91e8-1248-4fe6-9911-1b36f2abac03	3	4	1	2	1	3	5	3	3	1	1	5	4	1	1	1	3	5	3	3	1	1
b772a82d-95c6-4bc0-9a30-40741c45115c	5	4	1	4	3	1	1	5	4	2	2	5	4	1	4	3	1	1	5	4	2	4
746fb2f9-7c85-429d-ae5d-db4aab8ec520	3	4	1	3	3	4	5	3	3	2	2	3	2	1	3	3	4	5	3	3	2	2
e53b4c62-453d-4911-9868-ee560edda0b0	5	5	1	5	4	2	1	5	5	3	3	5	5	1	5	4	2	1	5	5	3	3
c8fc6c72-3ad3-4b89-8161-9d650682aa1f	5	1	1	5	1	1	1	5	1	4	5	5	1	1	5	2	1	1	5	1	4	4
90345430-f0aa-4a7c-998f-30a450724f85	5	3	1	2	5	5	5	4	2	4	1	5	2	1	1	5	5	5	5	4	3	1
452e4c30-68a6-4f2c-9274-20c74f2d5bbf	5	2	1	3	4	3	2	4	3	3	2	5	1	1	5	3	2	2	3	1	2	3
328885a1-42bc-4a22-8eee-a4b4c6a8dce8	5	1	1	4	1	1	1	5	1	1	1	5	1	1	4	1	1	1	5	1	1	1
5f15f6b6-eb40-4f20-a918-12274a191d84	3	3	2	3	4	5	3	3	2	3	3	3	2	2	3	4	4	4	3	2	2	3
abfcf329-f616-4c25-96fb-69e5e2d0f48c	3	4	1	1	1	4	2	2	3	1	1	4	3	2	5	1	4	1	3	2	1	1
9acba6e6-6f02-45b7-b037-90f1e13662a8	3	3	3	4	1	1	1	4	2	1	1	3	3	3	4	1	1	1	5	3	1	1
58bf73de-6595-4fef-89ce-34d770b441ab	5	1	1	1	1	1	1	5	1	1	1	5	1	1	4	4	1	1	5	1	1	1
c66b69bb-5dca-4464-8f36-506c5ba7a7cc	4	1	1	2	2	1	1	1	1	2	1	3	1	1	3	2	1	1	2	1	2	1
23332da8-bc72-4f94-bb04-f7e8984587f5	3	3	2	5	3	5	5	3	4	5	2	3	3	2	5	3	5	5	3	4	5	2
1688fcb7-e9a9-4f1a-be51-0ecf6e5d0b5f	3	5	3	2	2	4	5	2	3	2	1	3	5	4	1	3	4	5	2	4	2	1
1275c944-b232-4489-85fb-b0c8379bc9af	5	1	1	5	1	5	5	1	1	5	1	5	1	1	5	1	5	5	1	1	5	1
efc945d6-efd2-4678-af18-5b9c7b5de03f	4	3	3	2	1	5	5	4	3	4	5	4	4	2	2	3	5	5	5	3	5	5
017a3395-1ef4-4161-b27c-626031e21672	4	1	3	1	1	4	4	3	4	3	3	4	1	1	2	3	4	4	4	4	1	1
720ea58a-e033-4609-a88c-3d4a54acbb1e	5	5	1	5	1	3	3	4	2	1	1	5	5	1	5	1	3	3	4	2	1	1
d9733090-59a5-4901-a58d-9b45a8ffbdfa	5	1	1	3	1	2	3	5	2	5	3	5	2	1	4	1	2	3	5	2	5	3
9b862289-c3dd-4e56-8ed2-c48a85353162	3	2	4	3	5	2	2	1	5	1	1	3	2	5	3	5	2	2	1	5	1	1
de8213e8-126d-43f4-84ba-5e1365c75f92	3	4	1	1	1	5	5	3	4	1	1	2	3	1	3	2	5	5	3	2	1	1
eeadc02f-5ae8-4574-9ca4-600e597f7305	1	1	2	3	1	4	3	5	3	4	3	5	2	2	4	1	3	3	4	2	5	5
fcae8279-e541-4202-8775-5766f259d2f9	3	3	3	4	4	3	3	4	4	4	4	4	4	3	3	3	3	3	4	4	4	4
e25ae80f-522f-4064-b6b4-db2928837997	5	1	1	1	1	1	1	5	1	1	1	5	1	1	5	1	1	1	5	1	1	1
33961394-e0c1-438d-9853-8e629e164643	4	1	1	2	1	3	4	3	1	1	1	3	1	1	2	1	2	3	1	1	1	1
ba3f1f4e-82cb-4330-b306-dcd696a7c11c	1	2	1	3	4	4	5	3	3	5	5	5	4	2	4	4	4	5	5	4	3	3
765fb0b7-602f-4dc4-9835-5bb42063ef05	3	1	1	2	4	2	1	2	2	3	3	3	4	4	3	2	2	1	3	3	2	2
e6b58a3d-b076-4751-a129-eb838740960d	5	3	1	5	2	1	1	5	3	2	1	5	3	1	5	2	1	1	5	3	2	1
2162396e-43a1-4231-88e2-c59d6d269c96	5	4	1	2	2	1	1	5	3	4	1	5	4	2	3	3	1	1	5	3	5	5
46464364-c001-4ccb-9543-a4e809b0451f	5	2	1	5	1	2	2	5	2	5	1	5	2	1	5	1	2	2	5	2	5	1
a1eb0d87-ac5b-4cb7-b46f-fafc2e4e44cb	5	1	1	4	1	4	1	3	1	1	1	5	1	1	4	1	4	1	4	1	1	1
28569618-0718-43b5-bfe5-c7aa8516bfe3	5	5	2	1	1	1	1	3	4	1	1	5	5	2	1	1	1	1	3	4	1	1
b9336393-ad95-418d-b753-0a5bb35cf964	3	4	1	4	4	5	5	3	4	1	1	5	5	1	2	3	4	4	4	4	1	1
a5bdf693-8a7b-4250-ab58-12d4c28b9670	2	2	2	5	4	5	1	2	2	1	1	2	2	2	5	4	5	1	2	2	1	1
5be468f7-a961-4122-af7a-a27659e9029f	4	3	1	4	2	2	1	4	4	2	2	4	3	3	2	2	4	3	4	3	5	5
ceda4815-c7ac-46b9-8de7-e02c96b70268	4	4	1	4	3	2	2	2	2	1	1	2	4	1	2	1	1	1	1	3	1	1
f682eb24-f2fc-42c1-b2b0-b98de23105a9	4	3	2	3	3	4	1	4	3	4	4	4	3	2	3	3	4	1	4	3	4	4
447ae28a-2490-4c0b-83f2-93fcc868fdf8	1	4	1	5	4	5	5	1	3	1	1	1	4	1	5	4	5	5	1	3	1	1
04a9c6af-c763-4fb2-9930-620c314ff12b	5	5	5	5	3	1	3	3	3	1	1	5	5	5	4	3	1	1	3	3	1	1
4a4e5311-b58e-47c0-8689-3593b6ff50b8	2	1	1	2	1	3	4	4	3	3	2	2	1	1	2	3	3	4	4	3	3	2
74e96c26-d771-4351-9d66-0f2c95988d16	5	3	2	3	3	5	5	1	1	1	2	5	3	2	3	3	5	5	1	1	1	2
9a491cec-1eca-4dc0-a60b-622851ffc78e	5	5	1	1	5	1	1	5	1	1	1	5	4	1	5	5	1	1	5	4	1	1
fbccbd55-8732-45c0-a082-6dfb91c3c3d8	5	2	1	3	2	1	3	3	1	2	3	5	2	1	4	2	1	3	3	1	2	3
463a4c76-a336-4e95-b5bf-4fe4763417bd	4	1	1	5	3	3	4	5	2	3	3	4	1	5	3	3	3	4	5	2	3	3
d95c55e4-78bf-4e46-aca9-42022edaafde	3	5	1	1	3	3	4	4	4	2	1	4	5	5	3	3	3	3	4	5	2	1
4e0cbe98-d9fd-4925-823c-736ea8727b2b	5	1	1	1	1	2	1	5	1	3	2	5	1	2	3	3	3	1	5	1	4	3
6c6ac2ab-007b-4b38-9397-68ff2f4033e5	5	3	1	1	1	5	1	3	1	1	1	5	3	1	4	1	5	1	3	1	1	1
01086881-1cf7-418a-a701-d22bd5dee7fd	5	1	1	1	1	1	3	5	1	2	2	5	1	1	5	4	1	4	5	1	5	5
13b3d984-3490-4c7c-9a3d-d591a073d185	5	5	1	1	1	1	1	5	5	1	1	5	5	3	3	1	1	1	5	5	1	1
617cdf44-b19b-40a1-a1af-c5e53b43725b	5	1	1	1	1	1	1	5	1	4	4	5	1	1	4	1	1	1	5	1	4	4
64579add-a6a5-409c-b0ec-64b72f59e8bd	3	4	1	1	1	1	1	3	4	1	1	3	4	4	2	2	1	1	2	4	1	1
afa12c4e-eee6-4297-ad5a-404c7523c9a6	3	4	1	3	4	3	3	2	1	2	2	3	4	1	3	5	3	3	3	1	2	2
b350049a-33c4-499a-b851-f39725b0605a	1	4	2	3	4	1	2	1	1	1	1	1	3	3	3	5	1	2	1	1	1	1
5c04e800-cf33-4f88-839d-4a4cfb6f79c2	5	4	1	1	1	2	3	3	2	4	4	5	4	2	3	3	2	3	4	3	4	4
6c3e6663-04bd-48b8-9e0a-e9251689e68d	4	1	1	5	4	3	3	5	1	5	5	5	1	1	5	1	2	2	5	1	3	3
15bba6c1-2e27-48ee-a869-e5530259787b	3	3	2	4	2	1	1	5	1	1	1	5	2	2	3	1	1	1	5	2	1	1
ac0c96a1-e48a-49df-aa1e-326143ce4a5f	5	1	1	5	5	1	1	5	1	5	5	5	1	1	5	5	1	1	5	1	5	5
f35459e1-5bcb-4824-9889-41ba0913bae7	5	1	1	4	4	5	3	1	5	5	5	5	1	1	3	4	5	3	1	5	5	5
0f6f6cd1-43c8-4ccb-8821-b8820999bb86	3	3	3	3	3	2	3	2	3	2	2	3	3	3	2	3	2	3	3	2	2	2
2443f41d-5ce2-4b7e-8260-d618ab37dc65	4	5	1	1	1	1	1	5	5	1	1	5	5	2	4	5	1	1	5	5	3	4
19e25ebc-6ed3-4421-bdd7-ddd98b598459	3	4	3	4	4	2	4	3	4	3	4	2	3	4	5	5	3	4	3	4	2	4
2e506234-ecb0-4512-9bb2-133af73fd0b5	5	1	1	1	1	3	3	5	1	1	1	5	3	2	5	1	3	3	5	3	5	5
a97a3831-83cc-4bbc-87e8-7a63b06fcc79	5	2	1	4	2	2	1	5	2	4	3	5	2	3	4	2	2	1	3	2	3	4
60746344-a02b-4db2-a1a4-71354bbdf2e9	3	1	1	2	1	1	1	1	1	1	1	3	1	1	2	1	1	1	1	1	1	1
94ce4077-0761-4e77-a775-2645775acbfb	1	1	1	1	1	5	5	2	1	1	1	3	1	1	4	2	5	5	2	1	1	1
3fb1afc1-7d1f-4817-ba90-7457c3b40a44	5	1	1	5	5	1	5	5	1	5	5	5	1	1	5	1	1	5	5	1	5	5
58506d34-c738-4473-b885-8a84b1acc125	5	1	1	1	1	5	5	5	1	5	5	5	1	1	4	5	4	4	5	1	5	5
70e6d3a6-035f-4077-b0fe-81ae3a249b14	1	2	1	4	1	3	3	4	1	4	4	1	2	1	4	1	3	3	4	1	4	4
db7d3753-72f6-45d6-a6ec-beaf73967b04	3	4	2	2	2	1	1	4	2	1	2	3	4	2	2	2	1	1	3	3	2	2
323a479c-ccad-4abd-87e3-fb448f113c4d	5	1	1	3	1	5	5	5	1	5	5	5	1	1	3	1	5	5	5	1	5	5
873c0ef1-6a60-4b2c-8906-a19b27fa714e	5	1	1	5	3	3	5	5	1	2	2	5	1	1	5	3	3	5	5	1	2	2
4751456b-4725-4ee8-9d92-9e0f538d3e35	3	2	1	3	1	5	3	1	3	1	1	3	2	2	3	1	5	3	5	2	1	1
2c1aac25-f8dc-41f7-ac62-2e7b9d51c141	5	3	1	5	4	1	1	5	4	2	2	5	3	2	5	4	1	1	5	3	2	2
bc322b98-a056-4e24-ab95-3a3580fcbb93	4	3	3	4	3	4	4	4	1	3	4	4	3	3	3	3	4	4	4	2	3	3
f1c2a98e-0738-47f9-b670-72d0d52d9c04	5	2	1	5	4	5	4	5	1	4	4	5	2	1	4	3	3	3	5	1	4	4
e70e260d-89e2-4fb0-bcfe-07f299c9c99b	5	2	1	1	1	5	2	3	2	1	1	5	2	2	4	5	5	2	3	2	4	4
90553ea3-e275-43a3-afe9-18fefe83b797	5	5	1	1	1	1	1	5	5	1	1	5	5	2	1	3	1	1	5	5	1	2
14439041-c353-42ec-8b0d-696e3827d9d0	5	2	2	5	4	2	2	4	2	4	4	4	1	1	4	5	2	1	5	2	4	4
5d2f9b33-5d37-48b4-a874-160a97cab654	3	5	4	1	2	1	3	5	4	2	1	1	5	3	2	4	2	2	5	4	2	1
601dc6f5-f7d9-46db-9509-5eb01343b644	5	4	1	2	2	4	4	5	4	1	1	5	4	1	2	2	4	4	5	4	1	1
a8337fc0-609d-48a2-8c7d-7eac635adb59	1	3	2	1	2	3	4	2	1	1	1	2	3	3	3	1	2	1	3	1	1	1
fddbd9eb-8af4-408f-92c4-adb2de449f3b	5	5	1	1	1	1	1	5	5	1	1	5	5	1	3	2	1	1	5	5	1	1
b588d51f-a123-4a3d-b81a-a7d93e0f9f52	5	3	1	3	4	1	1	4	2	1	1	5	3	1	5	4	1	1	5	3	1	1
cc79acdd-50ad-4278-bd3c-77b8231e5f7b	4	3	2	3	3	2	2	4	3	2	1	4	3	2	3	2	1	2	4	2	1	1
192c5fa4-3561-4821-ad29-63be540f1e49	5	2	1	1	3	1	3	5	1	1	1	5	2	1	5	5	1	1	5	1	1	1
3463b0f0-eca0-47bf-a161-5790ea46061e	5	1	1	5	2	1	1	5	1	5	4	5	1	1	4	4	1	1	5	1	5	5
809417b4-1e17-4cfc-afb2-7b7a2aaa154c	3	4	1	2	2	4	5	2	2	3	1	4	2	1	3	1	4	4	2	2	2	1
7054efc1-390b-43a2-8b82-9484189edc0d	4	1	1	4	3	5	5	4	1	5	5	5	2	1	3	3	5	5	5	1	5	5
7efc290b-6fd2-465c-b617-5b050e5f7c7b	5	1	1	1	1	1	5	5	1	1	1	5	1	1	1	1	1	5	5	1	1	1
c9224dc5-21e9-4efc-a04f-c42b479aeffe	4	1	1	5	3	3	1	5	1	3	3	5	1	1	5	5	3	2	5	1	3	3
4abca261-ed22-4157-a349-eb8e84d439b2	4	3	2	5	1	3	4	4	3	3	3	5	3	2	5	1	3	3	4	3	2	3
a028ace0-928f-43a9-8ef4-bc20b1dadfe8	3	3	3	3	1	5	3	3	3	4	2	3	3	3	3	1	5	3	3	3	4	2
ab8b4070-66ac-4c78-b8a6-f4440f0e2f10	1	1	1	1	1	1	1	1	1	1	1	1	1	1	1	1	1	1	1	1	1	1
4617e72c-f0aa-4927-a89d-dd287e9a5511	1	1	1	5	3	1	3	1	1	2	2	1	1	1	5	3	1	3	1	1	2	2
fa69beea-64f5-4cba-9942-3e0c02ac50f8	4	1	1	2	1	1	1	5	1	3	3	4	1	1	2	1	1	1	5	1	3	3
db2a60dd-24cc-4bcf-b154-01f70ea4797b	2	2	1	1	1	3	5	5	2	1	1	5	2	1	5	1	3	5	5	2	4	4
80a51c7a-3a44-4c5e-82f6-215db491d368	3	1	1	2	2	4	4	5	1	1	1	4	1	1	1	2	3	3	4	1	1	1
f3084089-a209-4ece-9e98-5dcb89f5a298	5	3	2	1	1	2	1	5	3	4	4	5	3	2	5	5	2	1	5	2	5	5
6206f933-ce2c-4dd6-baeb-75e865bde85a	5	1	2	4	3	3	4	5	2	5	4	5	2	1	5	3	4	4	4	1	3	3
01838e27-d7b3-4477-8843-974d0bd70592	5	3	1	1	1	5	1	3	1	4	4	5	3	1	3	1	5	1	3	1	4	4
35aea501-a699-4959-8bfe-ab31013608b3	5	2	1	5	4	2	2	4	3	3	3	5	2	2	4	4	2	2	4	3	3	2
721a9703-3a0b-4f8a-8021-75266c7aa6bb	3	4	1	5	1	1	3	3	4	1	1	3	4	1	4	4	1	1	3	5	1	1
e9a5ab82-89b1-44fc-81b6-08f02e7afbea	3	1	1	1	1	3	4	4	1	3	1	3	1	1	5	1	3	3	4	1	4	4
9c9e8505-5b90-4e64-be5b-83869d878363	5	4	3	3	2	1	3	5	3	3	2	5	1	1	4	2	2	3	5	1	1	2
d719d4f3-8a76-4399-90e9-de504431c07c	4	2	1	3	2	2	3	4	2	2	1	4	2	1	3	2	2	3	4	2	2	1
cced9ed2-9106-4c43-94af-4d8956ca98b8	2	4	3	3	4	5	1	2	2	2	2	2	4	4	1	3	5	1	2	2	1	1
8607300f-eadc-462a-8335-8f5e5f86a07d	4	2	4	5	1	1	1	4	2	1	2	4	2	4	5	1	1	1	4	2	1	2
d9a089d8-6cf1-48ee-b272-0468ea1eb1e8	1	4	5	3	4	4	2	2	5	1	1	1	5	5	4	5	3	2	3	5	1	1
57b2df29-4c1b-4cf2-8694-a3ee55f4734b	5	1	1	2	1	1	5	5	1	5	5	5	1	1	2	1	1	5	5	1	5	5
90427588-a547-48b7-9517-a9bb8dda8c63	5	2	3	5	1	1	1	5	4	4	4	5	2	3	5	1	1	1	5	4	4	4
7c3723e4-4c13-46f0-9b96-0ca791a3d15a	5	2	1	5	5	4	3	5	2	5	5	5	2	1	5	5	4	3	5	5	5	5
11e6e146-b1f2-4dbe-a3ef-dd1b1cf384ca	4	2	1	4	4	3	3	4	2	3	3	4	2	1	3	4	3	3	4	2	3	3
12cb492d-cc65-489b-b4e0-9613bff317ff	2	4	3	4	2	4	3	2	4	1	1	3	4	3	4	2	4	3	2	4	1	1
9c24a135-eb00-48ae-ba21-5f8f84566df0	5	1	1	3	3	3	5	5	2	5	5	5	1	1	5	1	1	5	5	1	5	5
124f6598-ef74-482b-8323-c1cc739ccbfb	4	4	1	3	3	2	2	4	5	1	1	4	3	3	4	4	2	2	4	3	1	2
480621b9-24c7-438f-825f-fc3bd72d0c7c	5	5	5	5	1	1	1	5	5	5	5	5	5	5	5	1	1	1	1	1	1	1
fe393ca2-47e0-448a-a4bd-43822ec9897b	4	1	1	1	1	1	1	4	2	1	1	4	1	1	5	5	1	1	3	1	1	1
18766930-35ab-48a5-9b4c-fbb903551ae0	5	2	1	5	3	1	5	5	2	1	1	5	2	1	5	3	1	5	5	2	3	1
aca255af-50af-4292-ab8e-e52623fde60c	3	2	1	1	1	3	3	2	1	1	1	3	3	1	1	1	3	3	2	2	1	1
2a5f9eec-b49d-4ad3-a6ed-880f7c4a51bb	5	2	1	4	4	3	2	4	2	4	3	5	2	1	4	4	3	2	4	2	4	3
461e36ef-2744-41b4-a429-214b4c844755	5	3	3	1	4	4	4	5	3	4	4	5	3	3	4	3	4	3	5	3	5	4
95343453-e8b0-43c1-898a-d1f6a74ffae3	5	1	1	1	1	2	4	4	2	1	1	5	1	1	4	2	3	4	3	2	3	2
62402dad-d3b6-4e7a-9b09-7d81908765e7	5	1	1	5	1	3	3	5	1	2	1	5	1	1	1	1	1	1	5	1	1	1
30687918-83c4-4263-a828-44d9cdde7a8b	5	5	1	3	5	4	3	3	2	1	1	5	5	2	4	4	4	4	2	2	3	3
99ca786d-9dfa-4d91-9f0e-62d9930d6860	2	1	1	5	2	5	5	4	1	1	1	4	1	1	4	1	4	4	3	1	1	1
2b9562a7-c846-4de3-81d6-d24ebde66b84	3	1	1	1	1	3	2	2	1	1	1	3	1	1	1	1	3	2	2	1	1	1
d765d2cf-ef45-41e6-ad7f-8814b46535f5	1	1	1	1	1	2	1	1	1	1	2	3	1	1	3	1	2	1	3	1	2	2
1828ce77-b575-4bca-aa3b-517fb06f8172	5	1	1	1	1	1	1	5	1	1	1	5	1	1	5	1	1	1	5	1	3	3
4c1e0ae3-bbf6-482f-9a03-d17bbf44accd	4	1	1	3	2	1	1	4	3	1	1	4	1	1	1	1	1	1	4	3	1	1
121c5293-f03e-45fc-a08d-a068f94329fb	5	4	2	1	1	1	2	3	4	3	1	5	4	2	5	3	1	1	3	4	3	1
b592a427-b9ab-4b45-aacb-a641480c0890	5	3	1	1	1	1	1	5	3	2	1	5	3	1	4	5	1	1	5	3	1	2
bb82be52-279f-4076-9df5-01082b760687	2	5	5	3	1	4	1	1	5	1	3	2	5	5	3	1	4	1	1	5	1	3
88ff3945-16cb-42bb-b174-f9ea0cbfb011	4	1	1	5	1	1	2	4	2	4	4	5	1	1	5	1	1	2	4	2	5	5
aa2e4a71-4ae2-4c3e-bafe-a6b27e96bf9b	2	3	3	2	3	4	2	3	4	2	1	2	4	3	2	2	4	2	2	4	2	1
c1bfe895-fb86-4f48-8740-a188999a1fd2	5	4	4	3	5	2	2	5	4	3	3	5	4	4	5	5	2	2	5	4	3	3
75a0beec-f9d2-443c-80b0-af4da8568b90	4	5	1	3	1	4	4	3	3	2	1	4	3	1	3	1	4	4	4	4	2	1
98e3edd2-4de1-4bf8-a64a-aee0c82c636b	5	1	1	3	1	5	5	5	1	5	5	5	1	1	3	1	5	5	5	1	5	5
dec03a33-8360-4894-9fb0-abc3962b7ca7	3	3	1	4	1	3	1	3	1	1	1	4	3	3	2	1	1	1	3	1	1	1
66684283-bd7d-49e5-8c8f-89112451b7dc	4	5	4	1	1	5	1	4	4	1	1	4	4	4	1	1	5	1	4	4	1	1
a709d825-98db-4dad-89d9-530b2fda8179	5	1	1	1	1	3	2	5	1	3	4	5	1	1	5	1	3	2	4	1	3	4
de7ff20e-5a37-4106-b7f6-2546126a6ddc	5	1	1	5	4	1	2	5	1	3	3	5	1	1	3	4	1	1	5	4	3	3
fc8ffdfe-ba6d-4e59-962a-171f3441c35c	5	1	1	5	1	1	1	5	1	1	1	5	1	1	1	1	1	1	5	1	1	1
948f1404-83f9-467b-bb70-568d99938477	5	1	1	1	1	3	3	5	1	1	1	5	1	1	4	4	3	3	5	1	2	2
57adb9ed-2443-4484-9960-8fa5fcb527b1	5	1	1	4	1	1	1	5	1	1	1	5	1	1	4	1	1	1	5	1	1	1
ebda2c24-a29e-4206-a979-a57a9572a506	4	1	2	5	5	4	5	5	1	5	5	4	1	1	3	4	2	5	5	1	5	5
9e8097b1-cbfd-4eb3-85bf-4fe5a98a0dc5	5	4	1	1	5	1	1	5	4	1	1	3	4	4	4	5	1	1	3	3	1	1
9c5f3470-70ed-4818-92e4-5a19f1e717f9	5	3	1	2	1	1	2	4	2	1	1	5	2	2	2	3	1	1	3	3	1	1
a9f7a6ff-7bb5-455b-8646-e1404569a4f9	3	2	2	3	1	4	4	1	3	1	1	1	2	2	2	2	4	4	2	2	1	1
97b3a156-86dc-4340-b916-c41f29180278	4	3	1	4	2	1	2	3	1	3	3	5	3	1	1	1	1	2	3	1	3	3
e60f7cca-e7aa-4080-8d54-3eb58e8481ed	4	1	1	1	1	3	3	4	1	3	2	4	1	1	1	1	3	4	4	1	4	3
7598ffaf-8520-4d69-b9ae-2dc8dd759f16	4	2	1	3	2	3	1	4	1	1	2	4	2	1	5	2	3	1	4	2	1	2
89aa167d-810c-4d65-8e4c-7f6f7791ef44	4	1	1	2	1	3	1	2	1	1	1	5	1	1	5	1	3	1	5	1	3	4
0e8a89ae-2a79-436b-b21e-43a2547a7d27	4	2	1	3	1	5	3	2	1	2	2	4	2	2	4	3	5	3	2	2	3	2
d0e78264-3881-44ca-8488-7fda15c82713	5	1	1	5	2	5	2	2	3	3	3	5	1	1	2	3	5	5	2	3	3	3
b7f6a14a-c410-4909-bb2b-2b5e1aebaf88	5	1	1	4	1	5	5	5	1	5	5	5	1	1	4	1	5	5	5	1	5	5
1f205f0d-1e5a-450d-9f9f-6c1f0df1554d	2	1	1	1	1	1	1	2	1	1	1	2	1	1	1	1	1	1	2	1	1	1
acc95164-0811-423d-b403-423827a1a345	5	1	1	1	1	1	1	4	1	1	1	5	1	1	4	1	1	1	4	1	1	1
783fd298-3100-439f-ba8a-c5a767c3a7a5	4	3	1	3	4	1	1	4	3	2	3	1	1	1	1	1	1	1	1	1	1	1
48b292f3-fb3d-4bc4-80c5-bf81a611c5b0	5	1	1	1	1	1	1	5	1	1	1	5	1	1	1	1	1	1	5	1	1	1
ad393d2b-dac1-4273-8c75-57ba08a5b4b1	5	2	1	5	4	2	2	5	2	5	5	5	2	1	5	5	3	1	5	1	5	5
49764889-7df4-4df0-b241-00b5db9d9903	3	3	1	4	1	1	1	3	1	1	1	3	3	1	5	1	1	1	3	1	1	1
89feb0b7-0e1b-4406-bdd2-97fd6b4aa3da	4	4	1	1	4	2	3	5	5	4	4	4	4	1	5	5	2	2	4	5	4	4
54c557d4-2b91-4e19-b7c5-21b687a55b33	5	5	3	2	3	1	1	4	4	3	3	5	5	3	2	3	1	1	4	4	3	3
52d44276-c3d3-48e4-96be-c969acb99aa3	4	1	1	1	1	2	4	4	1	1	2	4	1	1	5	2	2	2	4	1	1	2
b4b1a3af-bbb1-4ff9-8e00-66f7fb4ab97e	2	3	1	4	4	4	3	1	3	1	1	2	3	1	3	3	4	4	2	2	1	1
7330fa9e-8d96-4560-ab6c-866cc7f534f8	4	2	1	2	1	4	3	5	2	5	5	5	2	1	4	2	4	3	5	2	5	5
f88b4b04-5ade-4cb3-8e5b-7502f1ba72b9	5	3	1	5	4	3	1	5	3	2	2	5	4	1	5	4	1	1	4	2	1	1
23975604-b909-421f-acb5-7309560974d0	5	4	1	3	2	3	2	4	4	2	2	5	4	1	3	2	3	2	4	4	2	2
b122345b-0846-4f22-b82f-39481ab91947	5	1	1	4	3	1	4	4	1	4	4	4	1	1	4	4	1	4	4	1	3	3
1a5c55a3-943e-49ca-8e46-2ce6e9d848d9	4	1	1	3	3	4	4	4	1	4	5	4	1	1	3	3	4	4	4	1	4	4
1e337d64-5f3d-47eb-9e65-13aac81c7a0e	2	1	1	3	1	2	2	2	1	2	1	2	1	1	5	2	2	2	2	1	1	2
44ff236e-3298-4fea-8104-e5fc7c2b724d	1	1	1	1	1	1	1	1	1	1	1	1	1	1	1	1	1	1	1	1	1	1
11bf35c0-a551-4ece-ac23-b6ad08d5121b	5	1	1	3	2	1	1	5	1	2	1	5	1	1	3	2	1	1	5	1	2	1
fefdb067-d87c-4cad-94cd-6d4da7130c0c	4	2	1	5	1	3	4	3	1	1	2	3	2	1	1	1	3	4	4	1	1	1
39ac0c64-25cd-4bc5-8543-74bd6a11dcd9	5	1	1	3	1	1	1	4	1	2	1	5	1	1	3	1	1	1	4	1	2	2
bfb2b07d-41be-4b87-a253-37a1f55ee515	4	2	1	4	2	4	5	5	2	3	3	4	2	2	4	2	4	5	4	2	2	3
f83a7e2d-7890-4762-84b4-8264c2be9af4	5	3	3	3	3	2	3	5	3	1	1	5	3	3	3	3	3	3	3	3	1	1
4cf51784-6b6f-4407-9c22-ba3aa866a353	4	2	1	5	1	4	1	4	1	4	4	4	2	1	5	1	4	1	4	1	4	4
e8dca24b-34cb-479c-92b1-8114020fb0cf	4	1	1	4	1	3	1	2	1	1	1	1	1	1	4	1	2	1	2	1	1	1
e541169b-0d0a-43b1-9dc4-f746f655ae16	4	3	1	1	1	1	3	4	2	1	1	4	3	1	1	1	1	3	4	2	1	1
c719e72a-ed6e-4d17-ba12-17d57d7dc9dd	3	1	1	5	3	3	3	4	1	1	1	4	1	1	4	1	3	3	4	1	1	1
43eff86e-fa65-42c6-8ed3-c6b4f2742660	4	2	1	4	3	3	3	4	3	3	4	4	3	1	4	3	4	2	4	2	3	4
8aec5a71-7c50-44f5-bb32-b552f4cbd360	4	1	5	1	1	3	4	5	1	5	1	4	1	3	5	1	3	4	5	1	5	5
a3696634-914d-4f3f-adf5-cf57ead43262	5	1	1	5	3	1	5	5	1	5	1	5	1	1	5	3	1	5	5	1	5	1
3ffd55e3-5221-4073-b107-93d5e432eba1	5	3	1	4	3	2	5	5	3	1	1	5	3	1	4	3	2	5	5	3	1	1
ef2316f2-3806-4dba-b147-2e5acc5a5aa7	5	3	1	1	4	5	5	4	4	3	2	5	3	1	1	4	5	5	4	4	3	2
0f97171f-ca05-4b74-acf0-54b858f5c453	4	2	1	5	1	2	4	5	1	4	4	4	2	1	4	1	2	4	4	2	5	5
575248a7-fa00-4069-9b46-c4f99b56550a	4	2	1	5	1	1	4	4	2	5	5	4	2	1	5	1	1	4	4	1	5	5
2906cf5c-06d7-48d4-bed9-c695f9109b59	5	1	1	2	4	1	4	5	1	2	2	5	1	1	5	5	1	4	5	1	2	2
5359adc7-a1f6-4bdf-9fff-52bf07733ecf	4	1	1	5	4	4	3	5	1	5	5	5	1	1	5	4	4	3	5	3	5	5
45f7f7cd-4539-42b1-b998-16367ea77caf	5	1	1	4	5	5	5	5	1	5	5	5	1	1	5	5	5	5	5	1	5	5
5f018254-7cb9-4af9-ba33-d21b8960ed4c	3	3	1	3	4	5	3	2	3	3	4	4	3	1	5	3	4	3	4	3	3	4
12d220e8-218b-4839-ae63-ad78a4b11fc1	5	1	1	1	1	3	1	1	1	1	1	5	1	1	1	1	3	1	1	1	1	1
437d2533-0345-4db5-b71d-3275f20db1f6	5	1	1	3	5	1	2	5	1	1	1	5	1	1	3	5	1	2	5	1	1	1
52d02c1a-246d-45f2-866a-b942d2800afe	4	5	2	5	3	1	1	3	4	1	1	4	5	3	5	5	1	1	4	4	1	1
1e883ca7-2d4a-4ce0-8656-2f25064add8d	5	5	1	1	1	3	3	4	4	2	1	5	5	2	3	1	3	3	4	4	1	1
2f14acd3-6ac6-4ebf-8a54-d732ef34fe62	3	2	1	1	1	2	1	3	2	1	1	4	2	1	4	1	2	1	4	2	1	1
70e2bed8-787b-4a81-8526-09626b74450e	3	1	1	4	3	4	3	3	1	1	1	2	1	1	4	3	2	2	3	1	1	1
eeca097b-845f-443e-9eae-c3653d8919e2	5	1	1	1	1	4	3	5	1	5	5	5	1	1	5	1	5	3	5	1	5	5
991e6832-fb76-4d25-916a-555bbbcdb161	4	1	1	5	2	5	4	4	1	5	5	5	1	1	4	2	5	4	5	1	5	5
530d1a9b-e37d-4b94-8c90-ad9db0fd1aee	4	1	1	5	5	5	5	3	1	3	3	2	1	1	3	3	4	5	5	2	3	3
7e7a3331-0b88-4338-a85a-74232edf757d	1	1	1	1	1	5	1	1	1	1	1	1	1	1	1	1	5	1	1	1	1	1
2c961549-56b9-40a2-882a-2edf5b87fe1a	4	1	1	3	1	1	1	5	1	1	1	5	1	5	3	3	1	1	4	1	1	1
97f52b4c-51a5-421f-ba03-d986d6ca2cd3	3	2	1	4	1	3	1	3	1	3	3	3	2	1	4	3	3	1	3	1	3	3
235c0331-a18d-497c-b9b2-42c3a71fb509	5	5	1	1	1	1	1	4	1	1	1	4	4	1	2	1	1	1	4	1	1	1
1882a4d1-586e-4e68-8a92-003198dd95f8	4	4	1	3	4	2	2	4	3	4	4	4	4	1	5	5	2	2	4	4	5	5
c1855ec4-b8a7-42c1-af2a-4b59dc722ddc	5	1	1	3	1	4	5	5	1	2	2	5	1	1	3	1	4	4	5	1	2	2
4aeaf56a-8ea5-4b88-8125-7c7b8dc7b9cb	5	2	1	4	2	2	2	5	3	1	2	4	4	1	2	1	2	2	5	4	1	1
a04821fb-5418-41a9-b4db-9f6ad6795677	2	3	1	5	3	5	3	2	2	1	1	5	3	1	5	3	3	2	2	1	1	1
3815bdee-2a63-41a4-9818-612823d9ed9e	5	1	1	4	3	1	2	2	1	2	3	2	1	1	5	4	2	2	3	1	2	2
7d7959ac-b66b-4ab3-9c90-93996051b2b6	3	3	1	4	4	2	2	4	2	4	3	3	2	2	4	4	2	2	4	2	4	4
84ddc721-98dd-4656-af94-913484886f79	2	4	3	3	2	3	3	4	4	3	3	3	4	3	3	3	3	3	4	4	3	3
a76a1818-15ca-472f-951d-417abf7b11ca	3	3	1	1	1	5	5	2	4	1	1	3	3	1	4	2	4	3	3	4	1	1
45adf7ff-16da-4dd8-b729-d87caadcce74	5	1	1	4	2	2	2	5	1	2	1	5	1	1	4	2	2	2	5	1	2	1
0f6201b0-c7be-4f38-8692-e03c22d4c355	3	4	3	3	4	5	4	3	3	4	4	3	4	3	3	4	5	4	4	4	4	4
f00a7d5a-4a91-43b0-b346-5688f9fb183e	4	3	1	3	2	1	1	3	1	1	1	3	1	1	4	2	1	1	3	1	1	1
206fcd1b-3d41-484e-bfa4-f4860d0af17c	3	3	3	1	1	5	3	3	3	4	4	3	5	5	5	1	3	3	3	5	4	4
33c42a19-2468-4571-9643-e2e949dcfb03	4	1	1	4	4	3	3	4	1	2	2	4	1	1	3	4	3	3	4	1	3	2
bfb1afcf-3cea-48c3-b2d4-6dda3d196139	5	5	3	4	2	4	5	5	5	5	5	5	5	3	4	2	4	5	5	5	5	5
cf84a21f-a4f5-46cb-806f-28d3262e1212	5	1	1	4	1	1	1	5	1	4	4	5	1	1	4	1	1	1	5	1	4	4
942d5da4-3953-4205-b9c1-c38834a3447f	5	3	1	1	1	1	5	5	5	1	1	5	3	2	3	1	1	5	5	5	1	1
070618b0-d27a-4e6a-9c07-12f05045b32b	4	4	2	3	2	2	3	4	4	3	4	4	4	3	3	4	2	2	4	4	3	4
2a6b33fc-a523-46bb-9d72-b1596c7440e9	5	4	2	3	4	1	1	2	3	1	1	5	5	3	4	4	1	1	4	4	2	1
63b75d5e-6db0-4c27-aa48-20054305832f	4	4	2	4	2	1	3	3	3	2	2	4	4	2	4	2	1	3	3	3	2	2
ab05714e-6fa8-4dd5-a958-5eaa4cbd37c9	4	3	1	1	3	4	4	5	5	3	3	3	2	2	3	3	4	4	4	3	4	3
4f079d2e-dc3f-4ecf-a42b-883f2bb5bbe8	4	3	2	3	3	3	3	4	3	3	2	4	4	3	3	3	3	3	4	4	3	2
3923b56b-355c-45e5-80dc-618034565eba	2	2	1	1	1	4	5	1	2	1	1	2	2	1	1	1	4	5	1	2	1	1
ca89db4e-2865-4c1a-9ab8-a7605cd78afe	1	1	1	1	1	1	1	1	1	1	1	1	1	1	1	1	1	1	1	1	1	1
13aeea8a-4dee-4349-ba28-75c95303ea67	4	4	1	5	3	4	3	4	3	2	3	2	3	1	5	4	4	3	3	3	2	3
8c90568d-e530-40a0-a682-d77dd2486b86	5	1	1	1	1	3	3	1	1	1	1	5	1	1	1	1	3	3	1	1	1	1
df95d264-11b2-4926-ae6e-4c4de72abfb1	5	2	1	1	1	2	2	3	2	1	1	5	2	1	4	1	2	2	4	2	1	1
044c245e-3c2b-4500-812a-dcb158886151	5	5	1	1	3	4	1	5	5	2	2	4	4	4	4	4	2	1	4	4	5	4
3d422a8f-8cae-4296-b18e-a24f0a23ceeb	3	1	1	2	2	3	3	4	2	3	4	3	1	1	2	2	3	3	4	2	3	4
6c26c495-32a8-49ef-8fb1-9277263c4b07	5	1	2	5	5	5	5	5	1	5	5	5	1	1	4	4	5	5	5	2	5	5
b0abad0c-b79c-42f4-a416-1050b4c6a9cc	1	1	1	3	2	1	1	4	2	1	1	1	1	1	1	3	1	1	1	1	1	1
232d1219-4b4d-4f8d-91cf-3fc22818cc0f	5	3	2	3	5	3	4	5	3	4	1	5	3	2	1	3	4	4	5	2	4	1
3b908ca9-a227-498c-b8a4-396e4be60eea	1	4	3	2	2	3	1	1	2	1	1	1	4	3	3	4	4	1	1	3	1	1
70a697f3-c43b-4ee4-9c78-0d1ff6249fa2	5	3	1	1	1	3	1	5	3	1	1	5	3	1	5	5	3	1	5	3	1	1
d1479f05-3584-4280-bd01-bc8d26494062	5	4	1	5	4	1	2	5	4	4	3	5	5	1	5	4	1	2	5	4	5	3
03adb52b-57a9-44bb-8712-7442527c16fa	4	1	1	4	2	1	2	5	2	1	1	4	2	1	3	2	1	2	5	2	1	1
24a52691-1026-4528-8d2d-91478904b106	5	2	1	3	4	4	3	5	2	2	2	5	2	2	3	3	4	3	5	2	2	2
c32f110d-cbb8-4d7f-84ea-6a8548d1273a	3	1	1	2	3	1	1	3	1	1	1	3	1	1	4	3	1	1	4	1	1	1
8c68285a-50b5-4645-aeed-cb97e9f2237a	5	2	1	5	2	3	3	4	2	4	3	5	2	1	5	3	4	2	4	2	3	2
0bc4cd6d-12be-4376-b334-a7cf680faf96	2	3	3	1	1	1	3	2	3	1	1	1	2	2	1	1	1	2	2	3	1	1
5035faf5-2608-4958-b590-ecdbe8d44ef7	4	2	1	3	1	3	3	4	1	4	4	4	2	1	3	1	3	3	4	1	4	4
8e849d40-e722-423a-99e9-c2366099b88f	1	1	1	5	1	5	4	5	1	5	5	5	1	1	5	5	5	5	5	1	5	5
9b1e68a7-778b-4110-b9b2-f8776c1104d7	5	5	2	3	5	2	2	2	4	1	1	4	2	2	5	3	2	2	1	2	1	1
662e6099-b95f-4e0c-b10e-012ea53163dc	5	2	1	4	3	5	5	5	2	3	2	5	2	1	4	3	5	5	5	2	3	2
652a5e59-9989-4716-8d1b-cf1d9a5caa90	5	4	1	3	2	1	2	3	3	4	4	5	4	1	3	2	1	2	3	3	4	4
8d4485e3-0f8e-4a5f-bade-21d1ddff0e75	5	1	1	4	3	1	1	3	2	2	2	5	1	1	5	3	1	1	4	1	2	2
c1485e8a-ed14-4897-81c1-44ac1914374d	3	3	3	4	4	3	4	5	4	4	4	4	3	3	4	4	4	4	5	4	5	4
ea365618-2e9d-4502-91d0-ae1dfa13cac9	4	1	1	3	3	3	2	4	1	2	2	4	1	1	4	4	1	1	3	1	1	4
760d0ee7-fe14-4ec5-a5ee-618c71cf0f0e	4	1	1	1	1	4	1	5	1	5	4	5	1	1	5	1	4	1	5	1	5	5
e427c99a-04c3-41c7-abdc-a58b3361c0c8	4	4	1	3	1	3	2	5	4	3	2	5	4	1	3	2	3	3	4	4	3	1
ee491604-de3f-4558-b6f0-7b9656c6b1f0	3	2	2	4	4	5	3	3	2	3	4	4	2	3	3	4	5	2	3	2	5	5
75fef9cd-1d05-409d-8f87-b671a400b47c	4	2	1	1	1	1	3	4	1	1	1	4	2	2	4	4	1	3	4	1	1	1
208330e3-b5ae-431b-929e-d52480ff18df	1	3	3	3	3	2	2	3	3	1	1	1	3	3	3	2	2	2	3	3	1	1
be453d54-2c98-43a8-87c3-78ae0a3567ad	5	2	1	5	1	3	3	4	3	4	4	5	3	3	4	1	3	3	4	3	4	4
a94e2f34-742e-488b-8cd3-3b4a243d6d9c	1	1	1	1	1	1	1	1	1	1	1	1	1	1	1	1	1	1	1	1	1	1
b4f6ded4-0590-4a8b-a1f0-d48c2f48979f	3	5	3	2	3	3	4	3	5	2	1	2	5	4	2	4	3	4	2	3	1	1
390bfd37-019d-4e8c-b258-897b5cbe51df	3	3	1	4	2	4	1	5	1	4	3	5	2	1	3	2	4	1	4	2	4	3
714bb13d-f837-4f98-baa7-9d876864a332	4	2	2	4	4	4	4	5	1	4	4	4	2	2	5	4	4	4	5	2	4	4
7e731de7-2c42-4c0b-a1ad-b6b93e9e0fea	1	3	3	3	1	1	1	1	2	3	2	1	2	2	3	3	1	1	1	1	1	1
8ea93e71-5ede-4024-9175-4a894b020e28	1	1	1	1	1	1	1	1	1	1	1	1	1	1	1	1	1	1	1	1	1	1
2844ea0f-b71d-408a-9ad3-3edc5c3b09ea	4	1	1	4	2	4	4	4	2	2	2	4	2	4	3	2	4	4	4	2	2	2
4650b7de-f290-4892-a60e-7626073c3308	1	1	2	1	2	1	1	1	1	1	1	1	1	2	2	2	1	1	1	1	1	1
1d4ea717-f171-4a80-a5f7-8f9dc0a154ea	5	1	1	3	3	3	3	3	5	4	4	5	2	1	4	5	3	2	5	5	4	4
8394d36d-9437-43ec-9a1d-b5ac4af58be8	5	1	1	3	1	3	1	5	1	2	2	5	1	1	5	2	3	1	5	1	4	4
31c6efb9-54e9-42c5-a269-4434a72186bb	4	3	3	3	2	3	3	4	3	4	4	2	3	4	4	3	3	3	4	4	2	3
e98fee7f-9eb5-4973-bb00-db033913b1a6	5	5	2	5	5	3	1	5	2	2	3	5	5	2	4	4	3	1	5	2	2	3
9d63b72a-4763-4b4b-bcc9-e60167268a21	4	5	1	1	2	4	2	2	3	1	1	4	5	1	3	2	4	1	4	2	1	1
3167b4f3-a695-40a4-8f74-d79d65aa6fb1	4	2	2	4	1	5	5	5	3	4	4	4	2	2	4	1	5	5	5	3	4	4
e2904358-b63d-4a4a-ad8e-d33919b82a82	4	2	1	4	3	1	1	4	3	5	5	4	2	1	5	1	1	1	5	1	1	1
6b30beee-edb1-4a4e-b152-c32064bc9a6a	5	5	1	4	3	4	2	3	4	1	1	5	5	1	1	1	4	3	3	2	1	1
2c021bfb-43da-43ec-85cc-6d9342ccddba	5	1	1	5	1	1	1	5	2	1	1	5	1	1	5	1	1	1	5	2	3	3
73e7a83f-96f5-4953-8705-c3da0586d488	4	4	5	5	5	1	3	4	4	1	1	4	4	5	5	5	1	2	3	4	1	1
1f163b36-b92a-4df7-ad3f-365b1d051fa8	2	3	1	1	1	2	2	1	1	1	1	2	3	1	1	1	2	2	1	1	1	1
81a9c057-2215-459d-9545-d1752e159810	2	1	1	3	1	4	4	2	1	1	1	2	1	1	1	1	2	2	2	1	1	1
27d21511-1c9d-4779-832d-46a4e236ac1f	5	4	2	5	2	4	4	5	5	3	5	5	4	4	5	3	5	4	5	5	4	5
26ff048c-0a71-4689-a932-e54fc6dabf0d	5	2	1	1	1	2	3	5	2	5	1	5	2	1	4	2	2	3	5	2	5	5
317837c1-fe44-44c6-a0ed-c2a7bdfb7200	2	1	1	4	4	3	3	4	4	4	4	5	3	3	5	5	3	3	4	3	4	4
507d7dcb-83c8-4204-8257-caa77d528adb	4	4	1	1	1	1	1	4	4	1	1	4	4	1	1	1	1	1	4	4	1	1
58178403-889e-4c37-9cbd-91fcfc7bd89d	5	1	1	3	5	2	1	5	1	1	1	5	1	1	3	3	1	1	5	1	1	1
99d6c9d3-da92-4bba-a164-629e5d745a9b	1	1	1	1	5	3	5	1	1	3	3	1	1	1	1	5	3	5	1	1	3	3
c2257220-4033-4a14-b73e-5256b139ec91	1	2	2	3	4	2	1	5	2	3	2	2	3	1	4	3	5	3	2	4	2	4
250ff395-e080-4d26-8fb6-b3bc3bd2708a	4	2	1	4	2	2	4	4	1	3	2	4	1	1	5	4	2	2	4	1	2	3
0c3e9e8d-6037-4dcb-b88c-8ddb035f3314	4	2	4	4	5	1	1	5	3	4	4	4	1	5	5	5	1	1	4	2	2	4
7bc7bd8e-368d-4ab9-b0bc-2c813fd8d0e5	5	3	2	3	4	5	5	4	3	2	2	4	3	3	4	4	5	5	4	3	2	2
87e36b4c-22ce-4bc6-94dd-259adeb57d8c	3	4	1	2	1	3	5	4	3	3	2	4	2	1	1	3	3	5	3	3	4	3
1d0a1eca-6706-41a3-ad41-4ca62c2a2fbe	5	1	1	5	1	1	1	5	1	5	5	5	1	1	5	1	1	1	5	1	5	4
bb36eca7-25cd-49fc-93b0-897ae7dc161f	4	4	3	1	3	4	1	2	2	1	1	4	4	3	1	3	4	1	2	2	1	1
f23cdd73-f10c-465b-ae18-b84ffec55778	2	1	1	3	4	4	4	2	1	3	3	2	1	1	3	5	5	5	2	1	3	2
32d69393-d921-4dca-908f-d5827013254c	2	2	1	1	1	2	2	3	2	1	1	3	3	2	4	3	3	3	3	3	1	1
abf1a151-a18e-493d-9915-2c2a28ea2e6a	5	1	1	1	2	1	3	5	1	2	2	5	1	1	4	4	1	4	5	1	2	2
783b836f-3c96-46d6-82d6-e67534729a95	5	5	1	1	1	5	1	5	5	1	1	5	5	2	3	3	5	1	5	5	2	2
d09c5fb1-ba1f-4470-9a69-05ffe1a68739	5	3	1	1	1	4	1	5	1	4	4	5	1	1	5	2	3	1	5	1	5	5
86c68f33-e319-49cd-9648-37f05cb8aa95	3	3	1	1	1	5	1	3	2	3	1	3	2	1	4	3	5	1	3	2	3	1
611fb718-f88a-4052-be7d-2c6ff4f78261	5	2	3	5	4	4	3	5	2	5	5	5	3	3	4	4	4	3	5	2	5	5
c490a168-5194-4f1b-b5a5-d26c5a1dfcde	4	3	1	1	1	1	1	2	4	1	1	4	3	4	5	4	1	1	2	3	1	1
9c5ede66-6b4c-45b4-a777-6b9cf1c3915f	4	2	1	4	3	5	5	5	3	3	3	4	2	1	4	3	5	5	5	3	3	3
2ce208d1-37ca-43de-bb09-c29693e20dc6	3	1	1	2	1	5	4	5	1	4	2	4	1	1	4	1	4	3	4	1	2	3
c13c6a91-330d-4b3f-8c70-ce17db3bb495	5	1	1	4	3	3	2	2	2	2	2	5	2	2	5	4	4	3	2	2	2	2
bfca2c79-33e1-4e57-8cf4-6af09062c27d	1	5	3	4	2	3	1	5	4	4	2	4	4	2	2	3	1	1	5	5	3	2
13109639-fd6e-44ca-b8f9-306577bca108	5	1	1	5	1	3	3	4	1	4	4	5	1	1	5	2	4	3	4	1	4	3
b23bc427-b5c7-484d-9ab2-fc25b4cf03a4	4	4	2	1	2	4	4	4	4	1	1	4	4	2	1	2	3	3	3	3	1	1
377bdd84-f37c-4fd1-923c-0697171dcaa7	4	1	1	1	2	2	4	5	2	2	3	5	1	1	4	2	4	2	5	1	3	3
d036d231-a793-41a0-85de-d9e1c6af5bc5	4	2	1	1	1	1	3	4	3	5	1	5	2	1	5	1	1	3	5	3	3	3
4778d564-8e77-45c0-82bd-c36279d7e823	5	3	1	5	4	1	1	5	5	5	2	5	3	2	5	3	1	1	5	5	5	2
c4332201-d7f3-447d-8abb-b95a338cf06c	5	3	1	3	2	4	4	2	2	3	3	5	2	1	2	2	3	3	3	2	3	3
7c7cda15-9a0e-4f68-a1e3-8e8ade6dd46b	1	1	1	4	2	2	1	1	1	1	1	2	1	1	1	1	1	1	2	1	1	1
ee85c491-84c0-4acf-a648-4370afe60f0b	4	2	1	1	2	4	3	4	4	1	1	2	2	1	1	2	3	3	1	1	2	2
6cdffccc-a00d-4320-ab88-64768f8265b1	1	5	1	1	3	2	2	1	5	1	1	1	5	1	4	3	2	2	4	5	1	1
3ab0a3c7-fc1a-494f-bb2f-cc33551d3997	1	1	1	1	3	5	4	1	1	1	1	1	1	3	3	3	5	4	1	2	1	1
7445b59f-0228-477d-a765-8f32ca9e9583	3	1	1	3	3	3	2	2	1	2	2	4	1	1	4	3	2	2	3	1	3	2
0137ac61-d62b-43fc-976a-88ceee3ef81f	3	5	3	1	2	3	1	3	4	1	1	4	5	2	1	2	3	1	3	4	1	1
f9aa455e-fd3e-4c03-9b71-c0c6654464bf	1	3	1	4	5	4	4	3	3	2	3	2	1	2	4	4	4	2	3	2	4	3
d8e02e6d-c932-4767-a46c-7e7f836ed6b3	3	1	1	3	1	2	2	4	1	1	1	4	1	1	3	3	2	2	4	1	1	1
a290aeb5-3cea-4cd4-b776-e1817422ce28	4	1	1	3	3	1	1	1	1	1	1	4	1	1	3	3	1	1	1	1	1	1
72a0f8df-8a7b-4180-b0d3-6cc3a4606740	5	1	1	5	4	2	4	4	1	4	3	4	2	2	5	4	3	4	4	2	3	3
7cc8ef05-e907-41b7-9fe6-6675f648e509	4	3	4	2	4	4	3	5	4	1	1	4	3	4	2	4	4	3	5	4	1	1
2786662f-f2d6-40dd-874a-e64ed55b83f2	5	3	1	4	3	3	2	5	2	3	4	5	3	1	5	4	3	2	1	1	4	4
6ddf97ac-5ca0-4a33-b599-bff5e220c4c6	3	1	1	2	1	2	4	1	1	5	5	5	1	1	1	1	2	2	3	1	5	5
94aa3fdf-13c3-46ac-a254-d69674943363	5	1	4	4	5	2	1	3	4	2	1	5	2	5	5	5	2	1	5	3	2	1
5e8a006b-0b53-4f45-ad0d-565f129d2152	5	1	1	3	3	1	3	5	1	1	1	5	1	2	4	3	1	1	5	1	3	4
ca16b2c7-150d-4782-ad24-13315339aa78	4	1	1	2	1	1	1	4	1	1	1	4	1	1	2	1	1	1	4	1	1	1
88274885-b444-4c1b-afae-8cc63dea2f9e	3	3	1	4	2	4	1	3	4	3	1	4	2	1	4	2	3	1	3	4	3	1
3b38b50c-0921-4ced-9756-db197816a5d0	4	2	3	2	4	5	2	3	2	3	4	4	1	2	2	3	5	3	3	1	3	3
91295260-5131-4d8b-8f74-152ff7fe2528	5	1	1	3	1	2	3	4	1	5	2	5	1	1	4	1	2	3	4	1	5	1
f053d2a8-b6bc-41b8-8772-26a7625f710a	5	2	1	2	1	2	3	5	1	5	5	5	2	2	5	1	4	5	5	2	5	5
299fde4b-ee66-49d2-81e8-7b4364d25601	2	3	1	5	2	5	5	5	3	1	1	5	1	1	5	1	5	5	5	2	1	1
750c9670-27f9-4f4b-bb83-4429cce8965d	2	1	1	3	1	1	1	3	1	1	1	2	1	1	2	1	1	1	2	1	1	1
4bddae6a-e45f-46b0-a628-279193afc779	5	2	1	4	5	5	5	5	2	4	3	5	2	1	5	5	5	5	5	2	4	3
b3713a45-8d27-4db0-9ec6-e4a1cf87daf6	1	1	1	2	2	5	3	1	1	1	1	1	1	1	1	3	5	3	1	1	1	1
616c38a1-a90d-4a70-a18c-6f6b32dd283f	2	1	1	3	3	3	3	5	1	3	2	3	1	1	3	3	3	3	3	1	2	3
c687eb13-cd83-4967-b410-5988f3edfea8	3	2	2	3	4	4	3	3	2	4	4	4	4	1	3	3	4	4	4	3	4	4
e24f9ce2-df0c-440e-96ce-affd02ed19a4	5	2	1	2	1	5	3	3	2	5	5	5	2	1	4	3	5	2	4	2	5	4
e61b625e-b8e8-4132-b717-33dcaa1c2843	4	2	1	1	1	1	1	4	2	1	1	4	2	1	1	1	1	1	4	2	1	1
2b1ce0db-dae4-440d-9f8a-7ecf55704568	4	1	1	1	1	1	1	4	1	1	1	4	2	2	4	2	3	3	4	2	3	3
92d376f0-dabc-4089-845d-8c884aee38f7	2	2	1	2	1	4	4	3	3	1	1	2	2	1	2	1	4	4	3	3	1	1
d07203ac-f8db-432d-9bda-729816f48820	1	5	1	1	1	1	1	5	1	1	1	1	5	1	1	1	1	1	1	5	1	1
4bce0d7d-fb8e-49e5-b413-ca751fe65c18	2	4	3	3	3	4	2	3	4	1	1	2	4	3	3	3	4	2	3	4	1	1
a37aeb8c-1f90-4de4-b0d7-df72a38a6e47	4	4	2	3	5	2	1	4	4	3	3	4	4	3	3	5	2	1	4	4	3	3
d62b4d96-0b89-413d-8b32-63e90c606cd2	5	2	1	1	1	1	2	3	2	1	1	5	2	1	5	1	1	2	3	2	3	3
20ab29f8-fc7f-49af-b647-12503e363595	3	1	1	4	3	5	5	3	2	2	1	2	3	1	3	3	5	5	2	1	2	1