id	group_number	block	winner	maxoffer	secondoffer	wins	reward	charity	completed
43	21	4	d68aa525-ca85-4281-8ecc-bce7a76525e7	211	180	12	390	600	4
44	21	5	592ca275-599c-4c37-afa4-eb087ae7e513	211	200	12	390	600	4
45	21	6	d68aa525-ca85-4281-8ecc-bce7a76525e7	220	211	12	390	600	4
46	20	4	5bb12bec-c05b-4083-8d38-4784fdeb981b	159	100	12	390	600	4
47	20	5	e2cd1e1e-5341-4fbb-a34c-5f05c94b7f1e	300	159	10	275	100	4
48	20	6	e2cd1e1e-5341-4fbb-a34c-5f05c94b7f1e	161	159	10	275	100	4
49	22	4	de672a8f-d10a-43ea-9f26-a87160fe8e11	300	250	12	390	600	4
50	22	5	830690d6-1d3b-415f-b407-7f20f8ac02b7	300	250	12	390	600	4
51	23	4	8d26c891-2273-4db6-a123-ebb06e91b864	300	287	12	390	600	4
52	22	6	de672a8f-d10a-43ea-9f26-a87160fe8e11	300	250	12	390	600	4
53	23	5	e6bf85ac-33b0-4795-be51-f0543728d234	151	150	12	390	600	4
54	23	6	e6bf85ac-33b0-4795-be51-f0543728d234	201	165	12	390	600	4
55	24	4	7fab4fd6-e257-4af1-a753-b434d7bc13b2	275	250	12	390	600	4
56	25	4	e422837e-197c-4f81-9f6f-7cd6501036de	300	152	-99	-99	-99	3
57	24	5	6a900c9f-f05e-4274-add0-efb54795f6a8	300	250	11	330	300	4
58	24	6	49be27bc-9f90-4bb8-a487-e590faf658a4	260	200	12	390	600	4
59	25	5	49a108b4-7f02-4394-9e4d-fb98d2817f0a	299	0	9	225	0	3
60	25	6	49a108b4-7f02-4394-9e4d-fb98d2817f0a	152	0	9	225	0	3
61	26	4	83047a1b-ff96-477a-b426-3c6293d45167	140	120	12	390	600	4
62	27	4	2533feca-b1b1-4868-82a6-1ed3e83c10e1	250	50	12	390	600	4
63	26	5	83047a1b-ff96-477a-b426-3c6293d45167	150	120	12	390	600	4
64	27	5	2533feca-b1b1-4868-82a6-1ed3e83c10e1	290	50	12	390	600	4
65	26	6	83047a1b-ff96-477a-b426-3c6293d45167	150	140	12	390	600	4
66	27	6	56d4f951-5784-4a09-9279-2faf91bd0471	285	250	12	390	600	4
67	30	4	1e131d19-7703-4c1a-a50b-54f91055a198	300	250	12	390	150	4
68	28	4	b77ef74b-fdb9-4d4b-8536-af850b49e8bd	280	200	11	330	75	4
69	29	4	468580d7-233c-491b-ac68-da623ba767b7	300	120	11	330	300	4
70	30	5	6efa0fba-a600-46b5-aacd-0129dce45149	300	300	12	390	150	4
71	28	5	d05ea89a-2169-4607-b690-a16c9207fedd	299	290	7	140	0	4
72	30	6	5cd06121-b886-4998-b994-f9858e91ab25	300	200	10	275	25	4
73	31	4	bdd762ab-6e69-4d9e-801b-5aff4ffe7767	50	50	9	225	0	4
74	29	5	468580d7-233c-491b-ac68-da623ba767b7	200	120	11	330	300	4
75	28	6	b77ef74b-fdb9-4d4b-8536-af850b49e8bd	290	280	12	390	150	4
76	29	6	e70e9573-58bb-4ea5-a13f-edcc1ec4b84c	160	150	6	105	0	4
77	31	5	e81ba0f8-e68a-44a4-b053-9b54cd8e0ee2	55	50	9	225	0	4
78	31	6	a4ded15a-bf9f-4b4c-ad06-f919264ec546	60	51	9	225	0	4
79	32	4	e5943ddd-a69d-4fe8-8c3c-8591fc4f423d	220	50	12	390	600	4
80	32	5	e5943ddd-a69d-4fe8-8c3c-8591fc4f423d	250	100	12	390	600	4
81	32	6	e5943ddd-a69d-4fe8-8c3c-8591fc4f423d	250	100	12	390	600	4
82	33	4	3bf95e66-b844-4a07-9b9b-7bd3fd374790	200	150	10	275	100	4
83	34	4	99ef30ab-8999-48fb-af8e-68f7b3511396	170	150	12	390	150	4
84	33	5	6363a5b6-072e-4460-91ca-6f8aebd1f7a0	300	185	9	225	0	4
85	34	5	04b7e20c-d390-4631-9ffb-decdce1c9769	150	130	12	390	150	4
86	33	6	3bf95e66-b844-4a07-9b9b-7bd3fd374790	185	180	9	225	0	4
87	34	6	99ef30ab-8999-48fb-af8e-68f7b3511396	151	140	12	390	150	4
88	35	4	5f15f6b6-eb40-4f20-a918-12274a191d84	250	250	12	390	600	4
89	36	4	e53b4c62-453d-4911-9868-ee560edda0b0	150	75	10	275	100	4
90	35	5	90345430-f0aa-4a7c-998f-30a450724f85	290	280	12	390	600	4
91	36	5	746fb2f9-7c85-429d-ae5d-db4aab8ec520	175	152	9	225	0	4
92	35	6	a0091ca6-f480-4069-aa9f-d66b68cf3d72	300	300	12	390	600	4
93	36	6	328885a1-42bc-4a22-8eee-a4b4c6a8dce8	201	150	12	390	600	4
94	37	4	1275c944-b232-4489-85fb-b0c8379bc9af	200	150	10	275	25	4
95	38	4	1688fcb7-e9a9-4f1a-be51-0ecf6e5d0b5f	300	260	7	140	0	4
96	37	5	b772a82d-95c6-4bc0-9a30-40741c45115c	151	150	11	330	75	4
97	38	5	58bf73de-6595-4fef-89ce-34d770b441ab	300	100	12	390	150	4
98	37	6	1275c944-b232-4489-85fb-b0c8379bc9af	200	160	12	390	150	4
99	38	6	58bf73de-6595-4fef-89ce-34d770b441ab	300	150	12	390	150	4
100	40	4	eeadc02f-5ae8-4574-9ca4-600e597f7305	200	170	12	390	150	4
101	39	4	d9733090-59a5-4901-a58d-9b45a8ffbdfa	200	60	12	390	600	4
102	40	5	5f5a91e8-1248-4fe6-9911-1b36f2abac03	217	160	12	390	150	4
103	39	5	720ea58a-e033-4609-a88c-3d4a54acbb1e	300	201	12	390	600	4
104	39	6	d9733090-59a5-4901-a58d-9b45a8ffbdfa	275	200	12	390	600	4
105	40	6	017a3395-1ef4-4161-b27c-626031e21672	251	221	12	390	150	4
106	42	4	a5bdf693-8a7b-4250-ab58-12d4c28b9670	275	180	6	105	0	4
107	42	5	33961394-e0c1-438d-9853-8e629e164643	200	180	12	390	600	4
108	41	4	e25ae80f-522f-4064-b6b4-db2928837997	269	201	12	390	150	4
109	42	6	a5bdf693-8a7b-4250-ab58-12d4c28b9670	222	200	5	75	0	4
110	43	4	2162396e-43a1-4231-88e2-c59d6d269c96	150	130	12	390	150	4
111	41	5	e25ae80f-522f-4064-b6b4-db2928837997	270	201	12	390	150	4
112	41	6	a1eb0d87-ac5b-4cb7-b46f-fafc2e4e44cb	265	201	12	390	150	4
113	43	5	fcae8279-e541-4202-8775-5766f259d2f9	155	150	9	225	0	4
114	43	6	2162396e-43a1-4231-88e2-c59d6d269c96	169	157	10	275	25	4
115	44	4	463a4c76-a336-4e95-b5bf-4fe4763417bd	215	105	11	330	75	4
116	44	5	4a4e5311-b58e-47c0-8689-3593b6ff50b8	220	200	9	225	0	4
117	44	6	463a4c76-a336-4e95-b5bf-4fe4763417bd	215	200	10	275	25	4
118	45	4	447ae28a-2490-4c0b-83f2-93fcc868fdf8	150	100	7	140	0	4
119	45	5	fbccbd55-8732-45c0-a082-6dfb91c3c3d8	150	100	9	225	0	4
120	45	6	04a9c6af-c763-4fb2-9930-620c314ff12b	230	150	12	390	150	4
121	46	4	4e0cbe98-d9fd-4925-823c-736ea8727b2b	280	98	12	390	600	4
122	46	5	4e0cbe98-d9fd-4925-823c-736ea8727b2b	280	115	12	390	600	4
123	46	6	4e0cbe98-d9fd-4925-823c-736ea8727b2b	280	279	12	390	600	4
124	47	4	6c3e6663-04bd-48b8-9e0a-e9251689e68d	245	199	12	390	600	4
125	49	4	f35459e1-5bcb-4824-9889-41ba0913bae7	300	201	12	390	600	4
126	47	5	01086881-1cf7-418a-a701-d22bd5dee7fd	250	245	12	390	600	4
127	47	6	6c3e6663-04bd-48b8-9e0a-e9251689e68d	300	239	12	390	600	4
128	49	5	46464364-c001-4ccb-9543-a4e809b0451f	300	300	12	390	600	4
129	49	6	ac0c96a1-e48a-49df-aa1e-326143ce4a5f	300	300	12	390	600	4
130	48	4	15bba6c1-2e27-48ee-a869-e5530259787b	200	130	6	105	0	4
131	48	5	617cdf44-b19b-40a1-a1af-c5e53b43725b	250	105	9	225	0	4
132	48	6	617cdf44-b19b-40a1-a1af-c5e53b43725b	270	201	11	330	75	4
133	50	4	a97a3831-83cc-4bbc-87e8-7a63b06fcc79	200	190	12	390	600	4
134	53	4	4751456b-4725-4ee8-9d92-9e0f538d3e35	300	250	12	390	600	4
135	54	4	2c1aac25-f8dc-41f7-ac62-2e7b9d51c141	150	60	9	225	0	4
136	51	4	323a479c-ccad-4abd-87e3-fb448f113c4d	300	180	12	390	150	4
137	53	5	70e6d3a6-035f-4077-b0fe-81ae3a249b14	300	297	12	390	600	4
138	50	5	3fb1afc1-7d1f-4817-ba90-7457c3b40a44	226	220	12	390	600	4
139	54	5	bc322b98-a056-4e24-ab95-3a3580fcbb93	226	170	11	330	300	4
140	53	6	e70e260d-89e2-4fb0-bcfe-07f299c9c99b	300	270	12	390	600	4
141	51	5	323a479c-ccad-4abd-87e3-fb448f113c4d	300	300	12	390	150	4
142	50	6	3fb1afc1-7d1f-4817-ba90-7457c3b40a44	300	232	12	390	600	4
143	51	6	14439041-c353-42ec-8b0d-696e3827d9d0	300	300	12	390	150	4
144	54	6	2c1aac25-f8dc-41f7-ac62-2e7b9d51c141	250	200	11	330	300	4
145	52	4	2e506234-ecb0-4512-9bb2-133af73fd0b5	151	105	10	275	25	4
146	52	5	f1c2a98e-0738-47f9-b670-72d0d52d9c04	152	152	12	390	150	4
147	52	6	2e506234-ecb0-4512-9bb2-133af73fd0b5	170	156	12	390	150	4
148	56	4	7054efc1-390b-43a2-8b82-9484189edc0d	137	100	8	180	0	4
149	56	5	cc79acdd-50ad-4278-bd3c-77b8231e5f7b	150	137	7	140	0	4
150	56	6	7054efc1-390b-43a2-8b82-9484189edc0d	163	80	8	180	0	4
151	58	4	192c5fa4-3561-4821-ad29-63be540f1e49	200	110	12	390	150	4
152	55	4	b588d51f-a123-4a3d-b81a-a7d93e0f9f52	207	150	12	390	150	4
153	57	4	3463b0f0-eca0-47bf-a161-5790ea46061e	200	180	7	140	0	4
154	58	5	192c5fa4-3561-4821-ad29-63be540f1e49	300	300	12	390	150	4
155	55	5	a028ace0-928f-43a9-8ef4-bc20b1dadfe8	255	216	9	225	0	4
156	58	6	192c5fa4-3561-4821-ad29-63be540f1e49	300	299	12	390	150	4
157	57	5	601dc6f5-f7d9-46db-9509-5eb01343b644	201	180	11	330	300	4
158	55	6	b588d51f-a123-4a3d-b81a-a7d93e0f9f52	256	220	12	390	150	4
159	57	6	3463b0f0-eca0-47bf-a161-5790ea46061e	203	200	10	275	100	4
160	59	4	db2a60dd-24cc-4bcf-b154-01f70ea4797b	300	150	11	330	75	4
161	59	5	db2a60dd-24cc-4bcf-b154-01f70ea4797b	300	100	11	330	75	4
162	59	6	fa69beea-64f5-4cba-9942-3e0c02ac50f8	300	300	11	330	75	4
163	60	4	e9a5ab82-89b1-44fc-81b6-08f02e7afbea	300	220	12	390	600	4
164	60	5	6206f933-ce2c-4dd6-baeb-75e865bde85a	300	230	11	330	300	4
165	60	6	35aea501-a699-4959-8bfe-ab31013608b3	300	230	11	330	300	4
166	61	4	57b2df29-4c1b-4cf2-8694-a3ee55f4734b	250	180	12	390	600	4
167	61	5	8607300f-eadc-462a-8335-8f5e5f86a07d	300	250	12	390	600	4
168	61	6	8607300f-eadc-462a-8335-8f5e5f86a07d	299	280	12	390	600	4
169	62	4	9c24a135-eb00-48ae-ba21-5f8f84566df0	300	170	12	390	600	4
170	63	4	7c3723e4-4c13-46f0-9b96-0ca791a3d15a	150	100	12	390	600	4
171	63	5	721a9703-3a0b-4f8a-8021-75266c7aa6bb	170	160	11	330	300	4
172	62	5	11e6e146-b1f2-4dbe-a3ef-dd1b1cf384ca	200	180	10	275	100	4
173	62	6	9c24a135-eb00-48ae-ba21-5f8f84566df0	300	201	12	390	600	4
174	63	6	7c3723e4-4c13-46f0-9b96-0ca791a3d15a	200	188	12	390	600	4
175	65	4	121c5293-f03e-45fc-a08d-a068f94329fb	50	40	8	180	0	4
176	66	4	30687918-83c4-4263-a828-44d9cdde7a8b	190	170	12	390	150	4
177	65	5	121c5293-f03e-45fc-a08d-a068f94329fb	50	50	9	225	0	4
178	66	5	18766930-35ab-48a5-9b4c-fbb903551ae0	212	130	12	390	150	4
179	67	4	62402dad-d3b6-4e7a-9b09-7d81908765e7	200	100	8	180	0	4
180	66	6	2a5f9eec-b49d-4ad3-a6ed-880f7c4a51bb	250	242	12	390	150	4
181	64	4	4c1e0ae3-bbf6-482f-9a03-d17bbf44accd	300	222	7	140	0	4
182	67	5	62402dad-d3b6-4e7a-9b09-7d81908765e7	210	125	10	275	100	4
183	64	5	99ca786d-9dfa-4d91-9f0e-62d9930d6860	300	299	8	180	0	4
184	67	6	62402dad-d3b6-4e7a-9b09-7d81908765e7	250	125	8	180	0	4
185	64	6	1828ce77-b575-4bca-aa3b-517fb06f8172	298	150	12	390	150	4
186	65	6	121c5293-f03e-45fc-a08d-a068f94329fb	50	40	8	180	0	4
187	68	4	a709d825-98db-4dad-89d9-530b2fda8179	180	120	12	390	600	4
188	68	5	dec03a33-8360-4894-9fb0-abc3962b7ca7	200	200	11	330	300	4
189	70	4	88ff3945-16cb-42bb-b174-f9ea0cbfb011	150	126	12	390	150	4
190	68	6	a709d825-98db-4dad-89d9-530b2fda8179	230	200	12	390	600	4
191	71	4	de7ff20e-5a37-4106-b7f6-2546126a6ddc	300	300	12	390	600	4
192	69	4	57adb9ed-2443-4484-9960-8fa5fcb527b1	191	150	12	390	150	4
193	70	5	ebda2c24-a29e-4206-a979-a57a9572a506	210	190	12	390	150	4
194	70	6	ebda2c24-a29e-4206-a979-a57a9572a506	220	211	12	390	150	4
195	71	5	948f1404-83f9-467b-bb70-568d99938477	300	300	12	390	600	4
196	69	5	57adb9ed-2443-4484-9960-8fa5fcb527b1	192	150	12	390	150	4
197	69	6	aa2e4a71-4ae2-4c3e-bafe-a6b27e96bf9b	200	200	11	330	75	4
198	71	6	bb82be52-279f-4076-9df5-01082b760687	300	280	10	275	100	4
199	73	4	97b3a156-86dc-4340-b916-c41f29180278	200	160	10	275	100	4
200	72	4	7598ffaf-8520-4d69-b9ae-2dc8dd759f16	130	85	10	275	25	4
201	73	5	d0e78264-3881-44ca-8488-7fda15c82713	221	200	12	390	600	4
202	72	5	89aa167d-810c-4d65-8e4c-7f6f7791ef44	131	90	12	390	150	4
203	73	6	e60f7cca-e7aa-4080-8d54-3eb58e8481ed	300	180	12	390	600	4
204	72	6	a9f7a6ff-7bb5-455b-8646-e1404569a4f9	133	132	5	75	0	4
205	77	4	52d44276-c3d3-48e4-96be-c969acb99aa3	295	201	12	390	150	4
206	75	4	ad393d2b-dac1-4273-8c75-57ba08a5b4b1	160	135	12	390	150	4
207	76	4	b122345b-0846-4f22-b82f-39481ab91947	120	42	10	275	25	4
208	74	4	48b292f3-fb3d-4bc4-80c5-bf81a611c5b0	277	200	12	390	600	4
209	75	5	54c557d4-2b91-4e19-b7c5-21b687a55b33	180	75	10	275	25	4
210	77	5	1a5c55a3-943e-49ca-8e46-2ce6e9d848d9	200	195	12	390	150	4
211	76	5	b122345b-0846-4f22-b82f-39481ab91947	130	60	12	390	150	4
212	74	5	48b292f3-fb3d-4bc4-80c5-bf81a611c5b0	277	248	12	390	600	4
213	76	6	b4b1a3af-bbb1-4ff9-8e00-66f7fb4ab97e	100	100	7	140	0	4
214	75	6	54c557d4-2b91-4e19-b7c5-21b687a55b33	150	75	10	275	25	4
215	74	6	48b292f3-fb3d-4bc4-80c5-bf81a611c5b0	277	269	12	390	600	4
216	77	6	52d44276-c3d3-48e4-96be-c969acb99aa3	245	201	12	390	150	4
217	79	4	bfb2b07d-41be-4b87-a253-37a1f55ee515	250	190	10	275	100	4
218	79	5	bfb2b07d-41be-4b87-a253-37a1f55ee515	190	190	6	105	0	4
219	80	4	f83a7e2d-7890-4762-84b4-8264c2be9af4	100	30	12	390	600	4
220	78	4	43eff86e-fa65-42c6-8ed3-c6b4f2742660	200	151	10	275	25	4
221	79	6	11bf35c0-a551-4ece-ac23-b6ad08d5121b	190	150	12	390	600	4
222	80	5	fefdb067-d87c-4cad-94cd-6d4da7130c0c	150	40	10	275	100	4
223	80	6	fefdb067-d87c-4cad-94cd-6d4da7130c0c	100	50	10	275	100	4
224	78	5	39ac0c64-25cd-4bc5-8543-74bd6a11dcd9	202	150	12	390	150	4
225	78	6	4cf51784-6b6f-4407-9c22-ba3aa866a353	221	210	12	390	150	4
226	82	4	8aec5a71-7c50-44f5-bb32-b552f4cbd360	211	200	12	390	600	4
227	82	5	0f97171f-ca05-4b74-acf0-54b858f5c453	250	225	12	390	600	4
228	81	4	575248a7-fa00-4069-9b46-c4f99b56550a	260	230	12	390	150	4
229	81	5	575248a7-fa00-4069-9b46-c4f99b56550a	300	250	12	390	150	4
230	81	6	575248a7-fa00-4069-9b46-c4f99b56550a	300	300	12	390	150	4
231	82	6	2906cf5c-06d7-48d4-bed9-c695f9109b59	274	255	12	390	600	4
232	84	4	1e883ca7-2d4a-4ce0-8656-2f25064add8d	230	200	12	390	600	4
233	83	4	2f14acd3-6ac6-4ebf-8a54-d732ef34fe62	300	175	11	330	75	4
234	84	5	5f018254-7cb9-4af9-ba33-d21b8960ed4c	235	211	12	390	600	4
235	83	5	437d2533-0345-4db5-b71d-3275f20db1f6	250	200	12	390	150	4
236	83	6	2f14acd3-6ac6-4ebf-8a54-d732ef34fe62	300	251	10	275	25	4
237	84	6	45f7f7cd-4539-42b1-b998-16367ea77caf	236	224	12	390	600	4
238	86	4	991e6832-fb76-4d25-916a-555bbbcdb161	200	184	12	390	600	4
239	85	4	2c961549-56b9-40a2-882a-2edf5b87fe1a	280	200	12	390	150	4
240	86	5	eeca097b-845f-443e-9eae-c3653d8919e2	209	185	12	390	600	4
241	86	6	991e6832-fb76-4d25-916a-555bbbcdb161	210	209	12	390	600	4
242	85	5	2c961549-56b9-40a2-882a-2edf5b87fe1a	280	250	12	390	150	4
243	85	6	1882a4d1-586e-4e68-8a92-003198dd95f8	299	280	12	390	150	4
244	87	4	84ddc721-98dd-4656-af94-913484886f79	80	75	10	275	25	4
245	88	4	c1855ec4-b8a7-42c1-af2a-4b59dc722ddc	300	140	12	390	600	4
246	87	5	206fcd1b-3d41-484e-bfa4-f4860d0af17c	100	80	9	225	0	4
247	88	5	c1855ec4-b8a7-42c1-af2a-4b59dc722ddc	300	169	12	390	600	4
248	87	6	206fcd1b-3d41-484e-bfa4-f4860d0af17c	105	100	9	225	0	4
249	89	4	a76a1818-15ca-472f-951d-417abf7b11ca	300	150	9	225	0	4
250	88	6	45adf7ff-16da-4dd8-b729-d87caadcce74	300	300	12	390	600	4
251	89	5	4aeaf56a-8ea5-4b88-8125-7c7b8dc7b9cb	100	100	9	225	0	4
252	89	6	a76a1818-15ca-472f-951d-417abf7b11ca	145	105	8	180	0	3
253	93	4	070618b0-d27a-4e6a-9c07-12f05045b32b	150	100	9	225	0	4
254	93	5	070618b0-d27a-4e6a-9c07-12f05045b32b	110	100	11	330	300	4
255	91	4	3d422a8f-8cae-4296-b18e-a24f0a23ceeb	200	150	10	275	100	4
256	92	4	942d5da4-3953-4205-b9c1-c38834a3447f	50	30	9	225	0	3
257	90	4	6c26c495-32a8-49ef-8fb1-9277263c4b07	300	220	12	390	150	4
258	93	6	070618b0-d27a-4e6a-9c07-12f05045b32b	120	110	9	225	0	4
259	92	5	ab05714e-6fa8-4dd5-a958-5eaa4cbd37c9	80	50	9	225	0	4
260	91	5	3d422a8f-8cae-4296-b18e-a24f0a23ceeb	190	100	6	105	0	4
261	90	5	cf84a21f-a4f5-46cb-806f-28d3262e1212	220	170	12	390	150	4
262	92	6	044c245e-3c2b-4500-812a-dcb158886151	101	90	10	275	100	4
263	91	6	4f079d2e-dc3f-4ecf-a42b-883f2bb5bbe8	100	50	10	275	100	4
264	90	6	6c26c495-32a8-49ef-8fb1-9277263c4b07	230	225	12	390	150	4
265	97	4	8e849d40-e722-423a-99e9-c2366099b88f	189	50	0	0	0	3
266	94	4	03adb52b-57a9-44bb-8712-7442527c16fa	100	80	7	140	0	4
267	96	4	5035faf5-2608-4958-b590-ecdbe8d44ef7	150	100	8	180	0	4
268	97	5	232d1219-4b4d-4f8d-91cf-3fc22818cc0f	300	190	12	390	150	4
269	94	5	8c68285a-50b5-4645-aeed-cb97e9f2237a	100	80	12	390	150	4
270	96	5	662e6099-b95f-4e0c-b10e-012ea53163dc	300	110	11	330	75	4
271	97	6	232d1219-4b4d-4f8d-91cf-3fc22818cc0f	250	200	12	390	150	4
272	94	6	8d4485e3-0f8e-4a5f-bade-21d1ddff0e75	101	100	8	180	0	4
273	96	6	5035faf5-2608-4958-b590-ecdbe8d44ef7	240	100	10	275	25	4
274	95	4	d1479f05-3584-4280-bd01-bc8d26494062	200	100	10	275	100	4
275	95	5	d1479f05-3584-4280-bd01-bc8d26494062	205	201	11	330	300	4
276	95	6	d1479f05-3584-4280-bd01-bc8d26494062	211	210	10	275	100	4
277	98	4	e427c99a-04c3-41c7-abdc-a58b3361c0c8	250	130	9	225	0	4
278	98	5	1d4ea717-f171-4a80-a5f7-8f9dc0a154ea	300	220	12	390	150	4
279	100	4	75fef9cd-1d05-409d-8f87-b671a400b47c	300	159	12	390	150	4
280	99	4	8394d36d-9437-43ec-9a1d-b5ac4af58be8	300	150	11	330	75	4
281	98	6	1d4ea717-f171-4a80-a5f7-8f9dc0a154ea	300	300	12	390	150	3
282	100	5	760d0ee7-fe14-4ec5-a5ee-618c71cf0f0e	300	300	12	390	150	4
283	99	5	8394d36d-9437-43ec-9a1d-b5ac4af58be8	300	200	11	330	75	4
284	100	6	e98fee7f-9eb5-4973-bb00-db033913b1a6	300	300	12	390	150	4
285	99	6	c1485e8a-ed14-4897-81c1-44ac1914374d	299	284	0	0	0	3
286	101	4	714bb13d-f837-4f98-baa7-9d876864a332	250	2	8	180	0	4
287	101	5	714bb13d-f837-4f98-baa7-9d876864a332	150	2	8	180	0	2
288	101	6	714bb13d-f837-4f98-baa7-9d876864a332	50	50	8	180	0	4
289	103	4	be453d54-2c98-43a8-87c3-78ae0a3567ad	165	150	12	390	150	4
290	105	4	ee491604-de3f-4558-b6f0-7b9656c6b1f0	250	100	8	180	0	4
291	103	5	27d21511-1c9d-4779-832d-46a4e236ac1f	210	201	11	330	75	4
292	105	5	ee491604-de3f-4558-b6f0-7b9656c6b1f0	170	100	9	225	0	4
293	103	6	3167b4f3-a695-40a4-8f74-d79d65aa6fb1	250	226	12	390	150	4
294	104	4	26ff048c-0a71-4689-a932-e54fc6dabf0d	255	150	12	390	150	4
295	105	6	ea365618-2e9d-4502-91d0-ae1dfa13cac9	105	100	12	390	600	4
296	104	5	e2904358-b63d-4a4a-ad8e-d33919b82a82	260	199	11	330	75	4
297	104	6	26ff048c-0a71-4689-a932-e54fc6dabf0d	256	150	12	390	150	4
298	102	4	2c021bfb-43da-43ec-85cc-6d9342ccddba	212	200	12	390	150	4
299	102	5	2c021bfb-43da-43ec-85cc-6d9342ccddba	251	195	12	390	150	4
300	102	6	2c021bfb-43da-43ec-85cc-6d9342ccddba	300	220	12	390	150	3
301	107	4	317837c1-fe44-44c6-a0ed-c2a7bdfb7200	250	200	6	105	0	4
302	106	4	c2257220-4033-4a14-b73e-5256b139ec91	100	50	12	390	150	4
303	106	5	87e36b4c-22ce-4bc6-94dd-259adeb57d8c	50	10	6	105	0	4
304	107	5	1d0a1eca-6706-41a3-ad41-4ca62c2a2fbe	300	100	12	390	600	4
305	108	4	250ff395-e080-4d26-8fb6-b3bc3bd2708a	150	61	10	275	25	4
306	106	6	87e36b4c-22ce-4bc6-94dd-259adeb57d8c	60	20	7	140	0	4
307	107	6	1d0a1eca-6706-41a3-ad41-4ca62c2a2fbe	300	200	12	390	600	3
308	108	5	0c3e9e8d-6037-4dcb-b88c-8ddb035f3314	200	155	12	390	150	4
309	108	6	250ff395-e080-4d26-8fb6-b3bc3bd2708a	200	150	11	330	75	3
310	110	4	13109639-fd6e-44ca-b8f9-306577bca108	210	100	12	390	150	4
311	111	4	2ce208d1-37ca-43de-bb09-c29693e20dc6	250	201	4	50	0	4
312	109	4	9c5ede66-6b4c-45b4-a777-6b9cf1c3915f	250	200	9	225	0	4
313	110	5	86c68f33-e319-49cd-9648-37f05cb8aa95	211	210	11	330	75	4
314	111	5	d09c5fb1-ba1f-4470-9a69-05ffe1a68739	201	170	12	390	600	4
315	109	5	611fb718-f88a-4052-be7d-2c6ff4f78261	200	150	11	330	75	4
316	110	6	13109639-fd6e-44ca-b8f9-306577bca108	300	255	12	390	150	3
317	111	6	d09c5fb1-ba1f-4470-9a69-05ffe1a68739	201	195	12	390	600	4
318	109	6	9c5ede66-6b4c-45b4-a777-6b9cf1c3915f	150	130	9	225	0	4
319	112	4	f9aa455e-fd3e-4c03-9b71-c0c6654464bf	150	105	9	225	0	4
320	114	4	72a0f8df-8a7b-4180-b0d3-6cc3a4606740	300	100	12	390	600	4
321	112	5	d036d231-a793-41a0-85de-d9e1c6af5bc5	120	120	10	275	100	4
322	113	4	6ddf97ac-5ca0-4a33-b599-bff5e220c4c6	300	212	12	390	600	4
323	114	5	72a0f8df-8a7b-4180-b0d3-6cc3a4606740	300	100	12	390	600	4
324	114	6	72a0f8df-8a7b-4180-b0d3-6cc3a4606740	200	100	12	390	600	4
325	112	6	f9aa455e-fd3e-4c03-9b71-c0c6654464bf	140	124	11	330	300	4
326	113	5	6ddf97ac-5ca0-4a33-b599-bff5e220c4c6	300	299	12	390	600	3
327	113	6	6ddf97ac-5ca0-4a33-b599-bff5e220c4c6	300	299	12	390	600	4
328	115	4	f053d2a8-b6bc-41b8-8772-26a7625f710a	220	200	12	390	150	4
329	115	5	5e8a006b-0b53-4f45-ad0d-565f129d2152	251	201	12	390	150	4
330	117	4	d8e02e6d-c932-4767-a46c-7e7f836ed6b3	180	150	11	330	75	4
331	119	4	91295260-5131-4d8b-8f74-152ff7fe2528	250	200	12	390	600	4
332	115	6	f053d2a8-b6bc-41b8-8772-26a7625f710a	262	256	12	390	150	4
333	116	4	750c9670-27f9-4f4b-bb83-4429cce8965d	51	10	8	180	0	4
334	117	5	e24f9ce2-df0c-440e-96ce-affd02ed19a4	150	120	9	225	0	4
335	119	5	91295260-5131-4d8b-8f74-152ff7fe2528	260	250	12	390	600	4
336	118	4	c687eb13-cd83-4967-b410-5988f3edfea8	290	130	11	330	300	4
337	117	6	7cc8ef05-e907-41b7-9fe6-6675f648e509	150	145	12	390	150	4
338	119	6	91295260-5131-4d8b-8f74-152ff7fe2528	260	200	12	390	600	4
339	116	5	2786662f-f2d6-40dd-874a-e64ed55b83f2	160	51	12	390	600	4
340	118	5	ca16b2c7-150d-4782-ad24-13315339aa78	200	200	12	390	600	4
341	116	6	88274885-b444-4c1b-afae-8cc63dea2f9e	154	20	8	180	0	4
342	118	6	0137ac61-d62b-43fc-976a-88ceee3ef81f	210	200	9	225	0	4
343	121	4	2b1ce0db-dae4-440d-9f8a-7ecf55704568	300	100	12	390	600	4
344	121	5	2b1ce0db-dae4-440d-9f8a-7ecf55704568	200	150	12	390	600	4
345	120	4	d62b4d96-0b89-413d-8b32-63e90c606cd2	184	75	12	390	600	4
346	121	6	20ab29f8-fc7f-49af-b647-12503e363595	200	150	8	180	0	4
347	120	5	d62b4d96-0b89-413d-8b32-63e90c606cd2	186	150	12	390	600	4
348	120	6	a37aeb8c-1f90-4de4-b0d7-df72a38a6e47	190	181	12	390	600	4